Date,Close,Volume,Open,High,Low
03/01/2024,$6.91,"9,205,885",$6.08,$7.18,$5.9718
02/29/2024,$6.09,"5,684,638",$5.75,$6.24,$5.65
02/28/2024,$5.62,"7,210,697",$5.63,$5.879,$5.31
02/27/2024,$5.69,"11,018,920",$4.82,$5.77,$4.7001
02/26/2024,$4.65,"2,862,953",$4.26,$4.66,$4.24
02/23/2024,$4.30,"2,385,240",$4.52,$4.52,$4.13
02/22/2024,$4.46,"3,769,947",$4.32,$4.73,$4.13
02/21/2024,$4.19,"2,495,606",$4.18,$4.36,$3.95
02/20/2024,$4.18,"4,548,541",$4.68,$4.76,$4.07
02/16/2024,$4.75,"7,571,963",$4.40,$4.88,$4.22
02/15/2024,$4.56,"17,155,160",$3.48,$4.65,$3.36
02/14/2024,$3.23,"1,316,495",$3.25,$3.27,$3.14
02/13/2024,$3.18,"866,766",$3.21,$3.25,$3.07
02/12/2024,$3.34,"1,093,222",$3.23,$3.433,$3.23
02/09/2024,$3.26,"887,002",$3.17,$3.28,$3.15
02/08/2024,$3.20,"988,100",$2.98,$3.2002,$2.98
02/07/2024,$3.01,"730,347",$3.06,$3.075,$2.96
02/06/2024,$3.09,"879,004",$3.04,$3.09,$2.9499
02/05/2024,$3.03,"1,150,684",$3.17,$3.17,$2.96
02/02/2024,$3.21,"1,457,415",$2.98,$3.21,$2.915
02/01/2024,$2.99,"757,797",$2.92,$3.005,$2.89
01/31/2024,$2.89,"981,420",$3.00,$3.08,$2.89
01/30/2024,$2.98,"889,818",$3.09,$3.09,$2.97
01/29/2024,$3.14,"718,072",$3.00,$3.14,$2.95
01/26/2024,$2.98,"697,252",$2.96,$3.06,$2.94
01/25/2024,$2.97,"637,549",$2.92,$2.99,$2.905
01/24/2024,$2.91,"807,077",$3.05,$3.05,$2.89
01/23/2024,$2.99,"580,083",$3.07,$3.11,$2.96
01/22/2024,$3.03,"1,983,442",$2.96,$3.12,$2.95
01/19/2024,$2.93,"876,596",$3.02,$3.02,$2.89
01/18/2024,$3.02,"910,568",$3.05,$3.12,$2.97
01/17/2024,$3.01,"779,400",$2.96,$3.02,$2.88
01/16/2024,$2.99,"1,588,092",$3.17,$3.17,$2.96
01/12/2024,$3.19,"1,108,385",$3.22,$3.31,$3.15
01/11/2024,$3.24,"1,496,156",$3.46,$3.46,$3.15
01/10/2024,$3.44,"782,481",$3.40,$3.51,$3.3501
01/09/2024,$3.41,"648,275",$3.37,$3.49,$3.37
01/08/2024,$3.46,"1,073,835",$3.36,$3.50,$3.3177
01/05/2024,$3.37,"976,483",$3.36,$3.46,$3.32
01/04/2024,$3.39,"1,239,535",$3.44,$3.47,$3.36
01/03/2024,$3.53,"1,989,372",$3.38,$3.68,$3.351
01/02/2024,$3.36,"1,154,254",$3.45,$3.515,$3.34
12/29/2023,$3.53,"1,762,487",$3.79,$3.81,$3.51
12/28/2023,$3.82,"1,163,377",$3.74,$3.885,$3.70
12/27/2023,$3.77,"1,760,901",$3.84,$3.96,$3.68
12/26/2023,$3.81,"1,634,075",$3.80,$3.84,$3.67
12/22/2023,$3.82,"1,130,473",$3.84,$3.925,$3.76
12/21/2023,$3.88,"1,258,396",$3.74,$3.885,$3.665
12/20/2023,$3.66,"3,991,396",$3.85,$4.075,$3.64
12/19/2023,$3.87,"2,669,014",$3.67,$3.92,$3.655
12/18/2023,$3.61,"1,742,721",$3.41,$3.725,$3.38
12/15/2023,$3.47,"1,862,172",$3.52,$3.58,$3.42
12/14/2023,$3.52,"2,158,486",$3.53,$3.66,$3.40
12/13/2023,$3.46,"1,707,585",$3.34,$3.46,$3.1701
12/12/2023,$3.35,"1,300,361",$3.41,$3.44,$3.28
12/11/2023,$3.39,"1,526,316",$3.61,$3.61,$3.38
12/08/2023,$3.68,"1,343,628",$3.59,$3.80,$3.58
12/07/2023,$3.64,"1,576,252",$3.61,$3.80,$3.50
12/06/2023,$3.62,"1,620,401",$3.68,$3.795,$3.59
12/05/2023,$3.56,"1,147,572",$3.65,$3.65,$3.4701
12/04/2023,$3.61,"2,391,601",$3.72,$3.95,$3.58
12/01/2023,$3.71,"2,605,371",$3.40,$3.75,$3.34
11/30/2023,$3.39,"3,274,193",$3.71,$3.81,$3.365
11/29/2023,$3.72,"2,628,917",$3.81,$3.8718,$3.65
11/28/2023,$3.75,"3,219,206",$3.45,$3.75,$3.3605
11/27/2023,$3.45,"3,256,850",$3.10,$3.455,$3.02
11/24/2023,$3.11,"574,881",$3.17,$3.20,$3.07
11/22/2023,$3.18,"3,021,927",$2.91,$3.24,$2.905
11/21/2023,$2.85,"1,725,664",$2.81,$2.94,$2.775
11/20/2023,$2.89,"1,319,366",$2.82,$2.96,$2.82
11/17/2023,$2.90,"1,620,033",$2.73,$2.9315,$2.68
11/16/2023,$2.69,"913,290",$2.74,$2.79,$2.66
11/15/2023,$2.81,"2,270,462",$2.70,$2.95,$2.59
11/14/2023,$2.64,"1,739,282",$2.63,$2.73,$2.61
11/13/2023,$2.51,"631,692",$2.50,$2.56,$2.46
11/10/2023,$2.53,"829,114",$2.53,$2.5513,$2.46
11/09/2023,$2.56,"709,631",$2.73,$2.75,$2.54
11/08/2023,$2.73,"909,774",$2.71,$2.74,$2.61
11/07/2023,$2.72,"731,884",$2.57,$2.73,$2.57
11/06/2023,$2.61,"736,235",$2.70,$2.74,$2.5598
11/03/2023,$2.70,"1,654,463",$2.69,$2.81,$2.67
11/02/2023,$2.64,"1,101,486",$2.50,$2.64,$2.47
11/01/2023,$2.43,"516,946",$2.47,$2.5082,$2.365
10/31/2023,$2.46,"808,252",$2.36,$2.46,$2.32
10/30/2023,$2.37,"663,726",$2.32,$2.38,$2.295
10/27/2023,$2.31,"797,302",$2.33,$2.37,$2.26
10/26/2023,$2.30,"805,047",$2.26,$2.335,$2.2401
10/25/2023,$2.29,"821,130",$2.38,$2.42,$2.255
10/24/2023,$2.42,"1,045,147",$2.35,$2.49,$2.345
10/23/2023,$2.30,"1,172,410",$2.28,$2.3685,$2.235
10/20/2023,$2.32,"1,431,923",$2.32,$2.42,$2.295
10/19/2023,$2.35,"1,523,015",$2.42,$2.44,$2.30
10/18/2023,$2.45,"897,802",$2.55,$2.57,$2.42
10/17/2023,$2.60,"998,454",$2.60,$2.69,$2.56
10/16/2023,$2.65,"908,808",$2.50,$2.65,$2.42
10/13/2023,$2.50,"894,941",$2.59,$2.64,$2.495
10/12/2023,$2.60,"698,740",$2.60,$2.66,$2.5505
10/11/2023,$2.65,"846,186",$2.66,$2.73,$2.57
10/10/2023,$2.64,"1,979,811",$2.73,$2.8686,$2.64
10/09/2023,$2.76,"731,841",$2.62,$2.76,$2.57
10/06/2023,$2.73,"1,142,153",$2.53,$2.74,$2.4901
10/05/2023,$2.56,"1,665,860",$2.88,$2.88,$2.55
10/04/2023,$2.88,"2,087,896",$2.78,$2.91,$2.74
10/03/2023,$2.78,"1,901,735",$2.82,$2.92,$2.74
10/02/2023,$2.86,"3,516,937",$2.79,$2.92,$2.62
09/29/2023,$2.64,"1,856,099",$2.50,$2.67,$2.50
09/28/2023,$2.44,"1,796,751",$2.32,$2.44,$2.225
09/27/2023,$2.32,"1,917,601",$2.45,$2.47,$2.30
09/26/2023,$2.43,"1,021,413",$2.41,$2.51,$2.37
09/25/2023,$2.44,"746,631",$2.42,$2.4508,$2.3795
09/22/2023,$2.40,"875,709",$2.45,$2.545,$2.40
09/21/2023,$2.41,"1,356,078",$2.43,$2.47,$2.39
09/20/2023,$2.47,"2,572,025",$2.66,$2.70,$2.47
09/19/2023,$2.66,"856,052",$2.68,$2.69,$2.61
09/18/2023,$2.68,"1,168,413",$2.80,$2.80,$2.66
09/15/2023,$2.80,"900,069",$2.86,$2.895,$2.76
09/14/2023,$2.87,"1,488,877",$2.85,$2.915,$2.79
09/13/2023,$2.83,"740,419",$2.86,$2.86,$2.78
09/12/2023,$2.83,"1,136,797",$2.87,$3.05,$2.82
09/11/2023,$2.91,"1,159,694",$2.83,$2.91,$2.77
09/08/2023,$2.77,"1,057,204",$2.86,$2.87,$2.76
09/07/2023,$2.86,"1,133,484",$2.91,$2.91,$2.81
09/06/2023,$2.95,"796,658",$3.00,$3.025,$2.915
09/05/2023,$3.02,"901,088",$3.07,$3.11,$3.00
09/01/2023,$3.12,"1,060,316",$3.11,$3.17,$3.07
08/31/2023,$3.07,"1,362,146",$3.10,$3.25,$3.07
08/30/2023,$3.09,"994,299",$3.08,$3.14,$3.025
08/29/2023,$3.08,"1,383,233",$2.96,$3.16,$2.96
08/28/2023,$2.97,"827,242",$3.01,$3.0465,$2.96
08/25/2023,$2.99,"1,276,453",$2.92,$2.99,$2.84
08/24/2023,$2.93,"1,285,490",$3.13,$3.13,$2.91
08/23/2023,$3.09,"995,194",$3.00,$3.11,$2.9717
08/22/2023,$3.04,"2,000,373",$3.15,$3.20,$3.01
08/21/2023,$3.08,"1,734,528",$3.06,$3.18,$3.02
08/18/2023,$3.00,"1,976,432",$2.99,$3.09,$2.975
08/17/2023,$3.06,"1,376,617",$3.15,$3.15,$2.975
08/16/2023,$3.05,"2,364,207",$3.01,$3.17,$2.98
08/15/2023,$3.09,"4,123,008",$3.59,$3.73,$3.00
08/14/2023,$3.72,"1,645,545",$3.74,$3.775,$3.64
08/11/2023,$3.79,"934,403",$3.83,$3.8999,$3.76
08/10/2023,$3.88,"1,006,307",$3.96,$4.04,$3.865
08/09/2023,$3.92,"884,218",$4.09,$4.1089,$3.90
08/08/2023,$4.09,"968,731",$4.00,$4.10,$3.95
08/07/2023,$4.09,"1,581,602",$4.16,$4.165,$4.00
08/04/2023,$4.16,"1,413,835",$4.46,$4.465,$4.15
08/03/2023,$4.33,"1,804,393",$4.40,$4.53,$4.32
08/02/2023,$4.43,"1,990,569",$4.56,$4.5999,$4.33
08/01/2023,$4.75,"2,118,127",$4.80,$4.8627,$4.58
07/31/2023,$4.89,"4,312,253",$4.29,$4.92,$4.29
07/28/2023,$4.27,"1,403,162",$4.04,$4.29,$4.04
07/27/2023,$4.04,"1,353,041",$4.38,$4.48,$4.01
07/26/2023,$4.29,"678,800",$4.17,$4.31,$4.155
07/25/2023,$4.18,"1,426,437",$4.31,$4.45,$4.18
07/24/2023,$4.26,"1,049,827",$4.30,$4.38,$4.19
07/21/2023,$4.26,"900,838",$4.28,$4.31,$4.13
07/20/2023,$4.18,"1,454,933",$4.35,$4.47,$4.165
07/19/2023,$4.48,"1,527,300",$4.36,$4.58,$4.34
07/18/2023,$4.35,"1,738,966",$4.41,$4.61,$4.32
07/17/2023,$4.40,"1,742,395",$4.12,$4.455,$4.0191
07/14/2023,$4.13,"1,860,740",$4.35,$4.37,$4.12
07/13/2023,$4.33,"2,404,431",$4.44,$4.5051,$4.24
07/12/2023,$4.37,"3,164,383",$4.43,$4.465,$4.20
07/11/2023,$4.24,"2,771,365",$4.10,$4.35,$4.055
07/10/2023,$4.10,"4,286,242",$3.71,$4.14,$3.71
07/07/2023,$3.69,"1,392,613",$3.44,$3.735,$3.44
07/06/2023,$3.41,"1,872,758",$3.64,$3.64,$3.39
07/05/2023,$3.72,"2,001,253",$3.74,$3.89,$3.66
07/03/2023,$3.76,"1,689,571",$3.46,$3.805,$3.45
06/30/2023,$3.42,"1,277,384",$3.50,$3.515,$3.34
06/29/2023,$3.37,"1,135,080",$3.45,$3.60,$3.37
06/28/2023,$3.44,"1,332,933",$3.22,$3.48,$3.2101
06/27/2023,$3.25,"898,771",$3.22,$3.30,$3.165
06/26/2023,$3.20,"989,176",$3.25,$3.35,$3.16
06/23/2023,$3.25,"799,370",$3.19,$3.29,$3.19
06/22/2023,$3.33,"1,191,274",$3.18,$3.36,$3.15
06/21/2023,$3.24,"1,582,913",$3.31,$3.3293,$3.15
06/20/2023,$3.34,"2,074,738",$3.61,$3.65,$3.30
06/16/2023,$3.67,"2,411,050",$3.89,$3.89,$3.625
06/15/2023,$3.83,"2,520,335",$3.63,$3.93,$3.5811
06/14/2023,$3.63,"2,225,934",$3.68,$3.82,$3.60
06/13/2023,$3.65,"1,277,808",$3.58,$3.65,$3.51
06/12/2023,$3.53,"1,023,592",$3.50,$3.605,$3.4613
06/09/2023,$3.48,"2,260,451",$3.48,$3.695,$3.435
06/08/2023,$3.47,"1,622,585",$3.55,$3.60,$3.41
06/07/2023,$3.57,"2,457,478",$3.60,$3.785,$3.52
06/06/2023,$3.56,"2,222,568",$3.31,$3.57,$3.25
06/05/2023,$3.31,"2,062,932",$3.22,$3.42,$3.2001
06/02/2023,$3.26,"3,556,103",$2.97,$3.275,$2.97
06/01/2023,$2.90,"2,634,469",$2.79,$2.96,$2.75
05/31/2023,$2.79,"1,171,171",$2.70,$2.79,$2.69
05/30/2023,$2.75,"1,563,287",$2.83,$2.87,$2.68
05/26/2023,$2.73,"1,281,322",$2.72,$2.82,$2.69
05/25/2023,$2.75,"2,124,317",$2.86,$2.87,$2.71
05/24/2023,$2.85,"2,225,974",$2.96,$2.975,$2.80
05/23/2023,$2.96,"4,875,098",$2.99,$3.35,$2.94
05/22/2023,$3.17,"2,743,205",$2.83,$3.19,$2.80
05/19/2023,$2.83,"1,287,682",$2.95,$2.96,$2.81
05/18/2023,$2.93,"1,480,065",$2.99,$3.02,$2.825
05/17/2023,$2.90,"2,486,996",$2.71,$2.96,$2.695
05/16/2023,$2.73,"1,263,877",$2.85,$2.85,$2.68
05/15/2023,$2.86,"2,259,705",$2.71,$2.895,$2.57
05/12/2023,$2.71,"1,577,423",$2.89,$2.89,$2.705
05/11/2023,$2.86,"1,065,387",$3.00,$3.00,$2.85
05/10/2023,$3.00,"2,424,921",$2.92,$3.09,$2.88
05/09/2023,$2.87,"878,486",$2.87,$2.90,$2.82
05/08/2023,$2.91,"1,618,579",$2.86,$2.935,$2.78
05/05/2023,$2.85,"1,127,425",$2.80,$2.87,$2.79
05/04/2023,$2.77,"1,104,443",$2.66,$2.77,$2.66
05/03/2023,$2.71,"1,245,217",$2.72,$2.80,$2.68
05/02/2023,$2.72,"1,904,116",$2.66,$2.82,$2.64
05/01/2023,$2.71,"982,245",$2.78,$2.78,$2.67
04/28/2023,$2.82,"988,552",$2.71,$2.83,$2.69
04/27/2023,$2.77,"2,458,926",$2.61,$2.87,$2.60
04/26/2023,$2.55,"2,467,700",$2.73,$2.735,$2.5491
04/25/2023,$2.68,"1,924,417",$2.82,$2.8272,$2.665
04/24/2023,$2.82,"1,695,278",$2.93,$2.95,$2.81
04/21/2023,$2.92,"1,172,542",$2.96,$2.97,$2.91
04/20/2023,$2.96,"1,209,946",$3.00,$3.11,$2.96
04/19/2023,$3.07,"754,025",$3.00,$3.08,$2.95
04/18/2023,$3.05,"1,552,348",$3.05,$3.05,$2.95
04/17/2023,$3.01,"1,047,331",$2.95,$3.02,$2.94
04/14/2023,$2.95,"1,465,101",$2.99,$3.0099,$2.88
04/13/2023,$2.99,"1,837,865",$2.92,$3.03,$2.92
04/12/2023,$2.88,"3,095,813",$3.15,$3.20,$2.87
04/11/2023,$3.10,"1,383,652",$3.08,$3.16,$3.03
04/10/2023,$3.10,"1,416,236",$2.98,$3.10,$2.96
04/06/2023,$3.02,"1,566,629",$3.02,$3.0568,$2.92
04/05/2023,$3.01,"1,209,625",$3.20,$3.23,$3.01
04/04/2023,$3.23,"1,362,213",$3.21,$3.32,$3.175
04/03/2023,$3.22,"821,560",$3.26,$3.30,$3.14
03/31/2023,$3.29,"1,903,726",$3.11,$3.32,$3.07
03/30/2023,$3.08,"1,299,004",$3.12,$3.18,$3.045
03/29/2023,$3.08,"2,491,994",$2.945,$3.14,$2.9173
03/28/2023,$2.89,"2,085,860",$2.98,$2.98,$2.84
03/27/2023,$2.98,"1,852,570",$3.08,$3.10,$2.92
03/24/2023,$3.05,"1,241,426",$3.02,$3.10,$2.995
03/23/2023,$3.08,"1,721,605",$3.19,$3.30,$3.06
03/22/2023,$3.14,"1,936,401",$3.28,$3.33,$3.11
03/21/2023,$3.29,"2,819,586",$3.025,$3.29,$2.96
03/20/2023,$2.96,"1,705,626",$3.01,$3.11,$2.95
03/17/2023,$3.02,"1,621,851",$3.10,$3.12,$2.97
03/16/2023,$3.12,"1,763,732",$3.07,$3.215,$3.00
03/15/2023,$3.09,"1,531,525",$2.98,$3.13,$2.96
03/14/2023,$3.09,"1,488,948",$3.24,$3.2926,$3.06
03/13/2023,$3.14,"3,258,029",$2.95,$3.16,$2.79
03/10/2023,$2.97,"3,145,012",$3.16,$3.16,$2.935
03/09/2023,$3.10,"2,351,900",$3.25,$3.43,$3.10
03/08/2023,$3.27,"1,162,735",$3.30,$3.3385,$3.23
03/07/2023,$3.31,"1,125,893",$3.38,$3.48,$3.31
03/06/2023,$3.40,"1,895,407",$3.45,$3.59,$3.35
03/03/2023,$3.44,"1,519,081",$3.31,$3.44,$3.29
03/02/2023,$3.25,"1,884,010",$3.16,$3.25,$3.08
03/01/2023,$3.17,"1,739,819",$3.41,$3.41,$3.17
02/28/2023,$3.37,"957,835",$3.35,$3.4399,$3.33
02/27/2023,$3.36,"1,227,758",$3.42,$3.42,$3.32
02/24/2023,$3.32,"1,867,510",$3.37,$3.3899,$3.28
02/23/2023,$3.47,"1,643,458",$3.55,$3.58,$3.41
02/22/2023,$3.48,"1,719,872",$3.51,$3.59,$3.40
02/21/2023,$3.47,"2,110,004",$3.50,$3.58,$3.43
02/17/2023,$3.60,"3,351,029",$3.69,$3.69,$3.49
02/16/2023,$3.69,"6,393,199",$3.97,$4.02,$3.6044
02/15/2023,$4.18,"4,598,678",$3.71,$4.21,$3.71
02/14/2023,$3.82,"2,327,667",$3.76,$3.88,$3.59
02/13/2023,$3.77,"2,000,753",$3.73,$3.915,$3.66
02/10/2023,$3.72,"2,657,630",$3.84,$3.8401,$3.66
02/09/2023,$3.91,"2,037,913",$4.29,$4.31,$3.87
02/08/2023,$4.12,"1,529,118",$4.19,$4.325,$4.1013
02/07/2023,$4.22,"3,449,407",$4.42,$4.42,$4.07
02/06/2023,$4.42,"1,791,808",$4.46,$4.57,$4.3311
02/03/2023,$4.62,"2,612,264",$4.70,$4.90,$4.59
02/02/2023,$4.90,"6,133,963",$4.68,$5.09,$4.63
02/01/2023,$4.41,"2,532,722",$4.12,$4.445,$4.11
01/31/2023,$4.20,"1,576,463",$4.02,$4.21,$4.01
01/30/2023,$3.98,"1,611,085",$4.16,$4.2299,$3.97
01/27/2023,$4.28,"2,924,331",$3.99,$4.41,$3.97
01/26/2023,$4.06,"2,762,949",$4.10,$4.19,$3.90
01/25/2023,$3.94,"1,745,308",$3.90,$3.95,$3.70
01/24/2023,$3.95,"1,669,227",$4.15,$4.24,$3.93
01/23/2023,$4.15,"2,921,025",$4.05,$4.17,$3.93
01/20/2023,$4.00,"1,422,909",$3.81,$4.005,$3.7684
01/19/2023,$3.74,"1,893,014",$3.90,$4.00,$3.74
01/18/2023,$3.98,"3,122,311",$4.49,$4.54,$3.98
01/17/2023,$4.38,"3,066,104",$4.04,$4.38,$4.03
01/13/2023,$4.02,"2,461,756",$3.99,$4.15,$3.925
01/12/2023,$4.01,"1,775,772",$3.95,$4.04,$3.75
01/11/2023,$3.89,"2,563,479",$3.72,$3.93,$3.66
01/10/2023,$3.63,"1,777,663",$3.57,$3.65,$3.3673
01/09/2023,$3.54,"2,252,882",$3.39,$3.6799,$3.39
01/06/2023,$3.39,"1,708,372",$3.38,$3.43,$3.19
01/05/2023,$3.40,"1,809,426",$3.35,$3.41,$3.235
01/04/2023,$3.41,"2,623,840",$3.20,$3.43,$3.14
01/03/2023,$3.12,"3,133,713",$3.30,$3.4501,$3.06
12/30/2022,$3.21,"2,675,452",$3.23,$3.30,$3.10
12/29/2022,$3.34,"3,142,068",$3.08,$3.3501,$2.995
12/28/2022,$3.02,"3,539,288",$3.00,$3.19,$2.92
12/27/2022,$3.00,"2,874,254",$3.16,$3.18,$3.00
12/23/2022,$3.21,"1,881,268",$3.25,$3.29,$3.17
12/22/2022,$3.27,"2,766,437",$3.34,$3.35,$3.13
12/21/2022,$3.41,"1,628,673",$3.41,$3.45,$3.31
12/20/2022,$3.33,"1,502,981",$3.28,$3.47,$3.255
12/19/2022,$3.28,"1,765,266",$3.43,$3.43,$3.2101
12/16/2022,$3.40,"2,850,448",$3.53,$3.59,$3.33
12/15/2022,$3.57,"3,751,400",$3.80,$3.82,$3.48
12/14/2022,$3.85,"2,048,085",$3.92,$4.00,$3.81
12/13/2022,$3.92,"2,121,937",$4.25,$4.3564,$3.8801
12/12/2022,$3.94,"1,491,472",$3.97,$3.98,$3.80
12/09/2022,$3.96,"1,205,658",$4.03,$4.165,$3.95
12/08/2022,$4.08,"1,936,680",$4.08,$4.22,$3.95
12/07/2022,$3.98,"2,009,116",$4.23,$4.26,$3.96
12/06/2022,$4.28,"1,365,922",$4.52,$4.56,$4.25
12/05/2022,$4.59,"2,541,871",$4.77,$4.89,$4.5429
12/02/2022,$4.75,"1,630,412",$4.42,$4.77,$4.39
12/01/2022,$4.60,"2,103,018",$4.54,$4.63,$4.33
11/30/2022,$4.58,"2,572,955",$4.10,$4.61,$4.10
11/29/2022,$4.06,"1,569,030",$4.03,$4.12,$4.00
11/28/2022,$3.95,"2,241,961",$4.10,$4.20,$3.92
11/25/2022,$4.10,"1,001,182",$4.10,$4.174,$4.035
11/23/2022,$4.17,"1,764,223",$4.15,$4.205,$4.05
11/22/2022,$4.11,"2,277,280",$4.27,$4.28,$4.05
11/21/2022,$4.30,"1,615,932",$4.40,$4.54,$4.27
11/18/2022,$4.47,"2,720,601",$4.73,$4.79,$4.435
11/17/2022,$4.68,"5,911,679",$4.99,$5.42,$4.55
11/16/2022,$4.74,"3,654,661",$5.17,$5.20,$4.74
11/15/2022,$5.25,"3,365,591",$5.01,$5.43,$5.01
11/14/2022,$4.76,"2,806,219",$4.77,$5.01,$4.5815
11/11/2022,$4.77,"3,509,094",$4.38,$4.82,$4.3501
11/10/2022,$4.33,"4,021,428",$3.99,$4.34,$3.935
11/09/2022,$3.67,"3,687,604",$3.95,$3.96,$3.6501
11/08/2022,$4.01,"5,293,577",$4.26,$4.26,$3.84
11/07/2022,$4.20,"5,190,967",$4.98,$5.015,$4.16
11/04/2022,$4.90,"1,763,782",$4.99,$5.02,$4.73
11/03/2022,$4.80,"1,798,232",$4.72,$4.895,$4.62
11/02/2022,$4.72,"2,784,635",$5.01,$5.13,$4.72
11/01/2022,$5.04,"2,403,904",$5.16,$5.21,$4.92
10/31/2022,$4.96,"2,159,059",$5.06,$5.17,$4.88
10/28/2022,$5.10,"2,102,117",$5.04,$5.13,$4.87
10/27/2022,$5.04,"1,766,102",$5.29,$5.40,$5.00
10/26/2022,$5.30,"1,752,700",$5.33,$5.615,$5.28
10/25/2022,$5.41,"2,463,779",$5.01,$5.43,$5.01
10/24/2022,$4.99,"2,706,932",$5.12,$5.125,$4.67
10/21/2022,$5.07,"2,053,802",$5.00,$5.1085,$4.86
10/20/2022,$5.03,"1,635,953",$5.06,$5.305,$5.00
10/19/2022,$5.06,"1,597,410",$5.06,$5.18,$4.9745
10/18/2022,$5.21,"1,657,379",$5.68,$5.77,$5.21
10/17/2022,$5.35,"2,125,603",$5.13,$5.40,$5.11
10/14/2022,$4.95,"2,106,516",$5.40,$5.45,$4.92
10/13/2022,$5.26,"2,436,492",$5.00,$5.35,$4.89
10/12/2022,$5.25,"2,075,435",$5.16,$5.395,$5.08
10/11/2022,$5.20,"1,716,094",$5.30,$5.39,$5.03
10/10/2022,$5.40,"1,957,134",$5.69,$5.70,$5.30
10/07/2022,$5.74,"1,735,950",$5.84,$5.90,$5.72
10/06/2022,$6.04,"1,481,947",$6.01,$6.23,$5.88
10/05/2022,$6.05,"2,151,236",$6.13,$6.25,$5.80
10/04/2022,$6.33,"1,817,605",$6.09,$6.35,$6.09
10/03/2022,$5.82,"1,627,519",$5.97,$5.9882,$5.66
09/30/2022,$5.81,"1,709,277",$5.68,$6.07,$5.68
09/29/2022,$5.82,"1,707,447",$5.95,$6.00,$5.63
09/28/2022,$6.11,"1,771,024",$5.77,$6.1568,$5.72
09/27/2022,$5.76,"2,073,099",$6.04,$6.08,$5.65
09/26/2022,$5.83,"1,332,790",$5.98,$6.2784,$5.82
09/23/2022,$6.00,"1,737,836",$5.98,$6.1599,$5.86
09/22/2022,$6.17,"3,147,409",$6.67,$6.7799,$6.08
09/21/2022,$6.67,"2,191,066",$6.98,$7.145,$6.65
09/20/2022,$6.91,"1,703,788",$7.05,$7.23,$6.90
09/19/2022,$7.22,"1,207,067",$7.01,$7.24,$6.96
09/16/2022,$7.15,"1,466,984",$7.34,$7.35,$7.11
09/15/2022,$7.60,"1,627,335",$7.60,$7.89,$7.52
09/14/2022,$7.68,"3,088,967",$7.31,$7.68,$7.0757
09/13/2022,$7.27,"2,629,774",$7.56,$7.68,$7.23
09/12/2022,$8.06,"2,425,223",$7.85,$8.15,$7.84
09/09/2022,$7.82,"3,186,916",$7.68,$8.01,$7.62
09/08/2022,$7.52,"2,379,404",$7.22,$7.545,$7.20
09/07/2022,$7.33,"2,334,838",$7.00,$7.38,$6.9704
09/06/2022,$7.01,"1,933,590",$7.12,$7.145,$6.815
09/02/2022,$7.19,"2,647,012",$7.48,$7.64,$7.075
09/01/2022,$7.38,"5,461,648",$7.18,$7.4199,$6.65
08/31/2022,$7.39,"1,625,172",$7.44,$7.635,$7.31
08/30/2022,$7.42,"2,525,682",$7.88,$7.95,$7.37
08/29/2022,$7.72,"1,776,847",$7.65,$8.04,$7.62
08/26/2022,$7.85,"2,728,591",$8.39,$8.57,$7.79
08/25/2022,$8.28,"2,528,475",$7.90,$8.34,$7.90
08/24/2022,$7.80,"3,436,496",$7.31,$7.885,$7.27
08/23/2022,$7.28,"3,392,042",$7.34,$7.475,$7.225
08/22/2022,$7.35,"3,092,850",$7.48,$7.71,$7.34
08/19/2022,$7.78,"4,182,260",$8.33,$8.38,$7.76
08/18/2022,$8.57,"2,891,953",$8.92,$9.03,$8.45
08/17/2022,$8.97,"4,252,440",$9.65,$9.65,$8.84
08/16/2022,$9.83,"5,812,724",$9.40,$10.0816,$9.07
08/15/2022,$9.44,"4,145,935",$9.34,$9.85,$9.235
08/12/2022,$9.56,"6,357,264",$8.84,$9.575,$8.54
08/11/2022,$8.50,"9,316,848",$8.05,$9.3122,$8.05
08/10/2022,$8.20,"10,289,990",$8.01,$8.39,$7.50
08/09/2022,$6.92,"3,775,789",$6.98,$7.015,$6.735
08/08/2022,$7.09,"3,899,316",$7.00,$7.385,$6.91
08/05/2022,$6.97,"4,922,395",$6.42,$7.14,$6.2812
08/04/2022,$6.64,"4,408,430",$6.36,$6.88,$6.30
08/03/2022,$6.25,"4,760,314",$5.96,$6.35,$5.75
08/02/2022,$5.86,"4,107,197",$5.32,$5.98,$5.32
08/01/2022,$5.43,"1,973,880",$5.43,$5.52,$5.21
07/29/2022,$5.51,"1,881,407",$5.51,$5.64,$5.38
07/28/2022,$5.57,"2,305,852",$5.41,$5.67,$5.24
07/27/2022,$5.40,"1,988,889",$5.36,$5.445,$5.19
07/26/2022,$5.19,"2,067,067",$5.29,$5.355,$5.135
07/25/2022,$5.40,"2,298,159",$5.55,$5.55,$5.25
07/22/2022,$5.59,"2,861,487",$6.09,$6.22,$5.5385
07/21/2022,$6.09,"2,895,721",$6.01,$6.115,$5.7299
07/20/2022,$6.01,"4,072,776",$5.69,$6.07,$5.69
07/19/2022,$5.66,"1,826,542",$5.53,$5.686,$5.41
07/18/2022,$5.40,"2,962,509",$5.45,$5.67,$5.35
07/15/2022,$5.31,"3,199,329",$5.34,$5.39,$5.08
07/14/2022,$5.24,"3,565,168",$5.42,$5.48,$5.20
07/13/2022,$5.52,"3,381,136",$5.49,$5.75,$5.33
07/12/2022,$5.67,"2,525,716",$5.86,$5.93,$5.565
07/11/2022,$5.76,"4,297,867",$6.18,$6.28,$5.7309
07/08/2022,$6.37,"4,872,607",$6.32,$6.76,$6.16
07/07/2022,$6.45,"4,625,860",$6.22,$6.535,$6.14
07/06/2022,$6.15,"3,036,827",$6.48,$6.70,$6.095
07/05/2022,$6.48,"2,318,561",$6.10,$6.48,$5.90
07/01/2022,$6.20,"2,332,257",$6.05,$6.425,$6.017
06/30/2022,$6.06,"2,676,566",$6.12,$6.25,$5.79
06/29/2022,$6.27,"2,350,011",$6.53,$6.53,$6.1608
06/28/2022,$6.49,"3,563,194",$6.90,$7.10,$6.465
06/27/2022,$6.90,"2,600,873",$7.09,$7.19,$6.75
06/24/2022,$7.09,"6,211,287",$6.80,$7.30,$6.73
06/23/2022,$6.66,"3,428,433",$6.14,$6.69,$6.12
06/22/2022,$6.09,"2,361,715",$6.04,$6.40,$6.03
06/21/2022,$6.25,"3,138,145",$6.39,$6.68,$6.235
06/17/2022,$6.20,"3,656,773",$6.145,$6.37,$5.88
06/16/2022,$6.03,"4,936,656",$6.10,$6.15,$5.69
06/15/2022,$6.44,"3,697,103",$6.20,$6.59,$6.155
06/14/2022,$6.15,"3,292,658",$6.21,$6.42,$5.965
06/13/2022,$6.15,"4,353,991",$6.58,$6.75,$6.05
06/10/2022,$6.98,"3,272,449",$7.10,$7.465,$6.945
06/09/2022,$7.43,"2,958,498",$8.02,$8.03,$7.415
06/08/2022,$8.12,"3,451,269",$7.66,$8.39,$7.66
06/07/2022,$7.79,"2,901,238",$7.47,$7.87,$7.35
06/06/2022,$7.63,"3,947,448",$7.74,$7.875,$7.475
06/03/2022,$7.46,"2,771,055",$7.38,$7.6182,$7.28
06/02/2022,$7.64,"4,126,359",$6.99,$7.79,$6.98
06/01/2022,$7.05,"3,401,013",$7.34,$7.5696,$6.94
05/31/2022,$7.27,"4,107,860",$7.27,$7.51,$7.0756
05/27/2022,$7.29,"5,054,428",$6.89,$7.32,$6.8539
05/26/2022,$6.70,"3,216,620",$6.40,$6.8389,$6.3295
05/25/2022,$6.44,"3,044,561",$6.18,$6.535,$6.1101
05/24/2022,$6.16,"3,698,544",$6.49,$6.51,$6.03
05/23/2022,$6.79,"4,230,496",$6.67,$6.80,$6.36
05/20/2022,$6.72,"6,338,775",$7.07,$7.18,$6.305
05/19/2022,$6.90,"7,794,812",$6.64,$7.24,$6.53
05/18/2022,$6.66,"9,494,272",$6.91,$7.25,$6.585
05/17/2022,$7.24,"20,558,760",$6.16,$7.27,$6.08
05/16/2022,$5.53,"7,094,040",$5.93,$6.11,$5.52
05/13/2022,$5.89,"8,678,493",$5.26,$6.00,$5.25
05/12/2022,$5.13,"11,266,340",$4.60,$5.56,$4.475
05/11/2022,$4.78,"9,030,203",$5.19,$5.435,$4.72
05/10/2022,$5.39,"6,000,575",$5.82,$5.85,$5.19
05/09/2022,$5.53,"6,715,102",$6.26,$6.26,$5.44
05/06/2022,$6.44,"6,596,816",$6.90,$6.97,$6.30
05/05/2022,$6.99,"4,830,463",$7.60,$7.60,$6.87
05/04/2022,$7.82,"5,777,182",$7.39,$7.85,$6.97
05/03/2022,$7.47,"5,793,550",$7.36,$7.6528,$7.26
05/02/2022,$7.46,"4,602,227",$7.00,$7.48,$6.8501
04/29/2022,$7.07,"4,874,934",$7.60,$8.0209,$7.05
04/28/2022,$7.70,"6,570,866",$7.69,$7.85,$7.085
04/27/2022,$7.61,"4,673,330",$7.78,$8.1107,$7.46
04/26/2022,$7.83,"4,087,753",$8.02,$8.135,$7.65
04/25/2022,$8.21,"6,225,069",$7.44,$8.25,$7.38
04/22/2022,$7.52,"3,723,273",$7.46,$7.85,$7.36
04/21/2022,$7.51,"7,069,025",$7.95,$8.245,$7.38
04/20/2022,$7.99,"10,118,070",$8.31,$8.7897,$7.8299
04/19/2022,$8.41,"3,027,442",$8.05,$8.59,$7.94
04/18/2022,$8.04,"3,164,612",$8.27,$8.27,$7.74
04/14/2022,$8.19,"3,928,018",$8.77,$8.8396,$8.17
04/13/2022,$8.84,"3,618,399",$8.77,$8.97,$8.55
04/12/2022,$8.74,"5,651,278",$9.19,$9.85,$8.72
04/11/2022,$8.95,"3,918,449",$9.08,$9.38,$8.68
04/08/2022,$9.32,"2,881,663",$9.64,$9.7805,$9.30
04/07/2022,$9.79,"4,374,434",$10.06,$10.47,$9.395
04/06/2022,$10.17,"5,376,038",$10.80,$10.80,$9.98
04/05/2022,$11.00,"7,065,509",$11.86,$11.95,$11.00
04/04/2022,$11.82,"24,686,530",$10.49,$12.53,$10.38
04/01/2022,$9.48,"2,145,710",$9.81,$9.94,$9.30
03/31/2022,$9.58,"2,501,946",$9.76,$9.93,$9.51
03/30/2022,$9.76,"3,897,546",$9.70,$10.345,$9.53
03/29/2022,$9.88,"4,118,923",$9.21,$9.91,$9.17
03/28/2022,$8.99,"2,355,407",$8.88,$9.13,$8.55
03/25/2022,$8.81,"2,586,192",$9.23,$9.28,$8.675
03/24/2022,$9.30,"3,130,416",$9.24,$9.38,$8.755
03/23/2022,$9.16,"4,187,398",$8.77,$9.625,$8.6555
03/22/2022,$8.95,"3,980,831",$8.43,$9.33,$8.43
03/21/2022,$8.47,"2,962,841",$8.68,$8.86,$8.27
03/18/2022,$8.73,"4,298,981",$8.26,$8.79,$8.26
03/17/2022,$8.39,"3,614,833",$7.91,$8.44,$7.75
03/16/2022,$8.00,"5,967,812",$7.20,$8.01,$7.17
03/15/2022,$6.88,"4,963,322",$6.58,$7.09,$6.41
03/14/2022,$6.63,"5,089,132",$7.14,$7.16,$6.57
03/11/2022,$7.25,"4,155,142",$7.97,$8.18,$7.24
03/10/2022,$7.95,"3,242,729",$8.13,$8.19,$7.68
03/09/2022,$8.39,"2,581,855",$8.08,$8.445,$8.02
03/08/2022,$7.81,"4,300,462",$7.66,$8.03,$7.265
03/07/2022,$7.71,"3,880,890",$7.86,$8.36,$7.6692
03/04/2022,$7.94,"3,167,127",$8.41,$8.66,$7.87
03/03/2022,$8.39,"2,891,052",$8.85,$8.97,$8.305
03/02/2022,$8.86,"4,044,977",$9.19,$9.20,$8.525
03/01/2022,$9.19,"3,532,842",$9.47,$9.56,$9.04
02/28/2022,$9.41,"4,723,097",$8.86,$9.62,$8.59
02/25/2022,$8.83,"6,466,072",$8.19,$8.85,$7.94
02/24/2022,$8.29,"7,182,554",$6.85,$8.29,$6.82
02/23/2022,$7.52,"10,509,440",$7.92,$8.13,$7.235
02/22/2022,$7.89,"4,523,213",$8.07,$8.405,$7.81
02/18/2022,$8.24,"5,384,477",$8.91,$8.97,$8.13
02/17/2022,$8.94,"4,105,712",$9.35,$9.59,$8.88
02/16/2022,$9.42,"3,067,460",$9.55,$9.665,$9.1308
02/15/2022,$9.70,"3,207,829",$9.10,$9.71,$9.06
02/14/2022,$8.85,"3,649,919",$9.20,$9.40,$8.78
02/11/2022,$9.20,"3,569,725",$9.58,$9.926,$9.05
02/10/2022,$9.64,"4,996,490",$9.69,$10.47,$9.53
02/09/2022,$9.99,"4,047,541",$9.48,$10.00,$9.41
02/08/2022,$9.35,"2,786,081",$9.00,$9.37,$8.83
02/07/2022,$8.96,"3,311,893",$9.09,$9.59,$8.91
02/04/2022,$9.08,"5,534,663",$8.65,$9.195,$8.26
02/03/2022,$8.40,"3,926,657",$8.485,$8.99,$8.295
02/02/2022,$8.95,"4,575,803",$9.61,$9.65,$8.77
02/01/2022,$9.49,"6,084,449",$8.875,$9.50,$8.52
01/31/2022,$8.75,"6,666,791",$7.65,$8.78,$7.60
01/28/2022,$7.56,"5,471,307",$7.32,$7.62,$6.99
01/27/2022,$7.34,"4,830,900",$7.96,$8.00,$7.29
01/26/2022,$7.83,"6,047,193",$8.21,$8.4999,$7.745
01/25/2022,$7.93,"4,919,107",$8.10,$8.53,$7.77
01/24/2022,$8.28,"7,024,052",$7.68,$8.28,$7.23
01/21/2022,$8.13,"5,755,971",$8.70,$8.90,$8.12
01/20/2022,$8.90,"4,457,190",$9.06,$9.78,$8.88
01/19/2022,$8.87,"4,156,943",$9.35,$9.44,$8.85
01/18/2022,$9.20,"3,689,986",$9.53,$9.81,$9.15
01/14/2022,$9.83,"3,866,663",$9.75,$10.095,$9.48
01/13/2022,$9.85,"3,257,515",$10.55,$10.55,$9.83
01/12/2022,$10.51,"2,741,649",$10.95,$11.01,$10.44
01/11/2022,$10.72,"3,880,435",$10.18,$11.09,$10.15
01/10/2022,$10.25,"4,273,188",$10.06,$10.265,$9.65
01/07/2022,$10.29,"4,377,619",$10.38,$11.00,$10.23
01/06/2022,$10.27,"4,703,460",$10.12,$10.6452,$9.76
01/05/2022,$10.23,"5,724,811",$11.03,$11.32,$10.15
01/04/2022,$11.24,"5,741,888",$12.00,$12.00,$10.91
01/03/2022,$11.97,"3,608,884",$11.65,$12.27,$11.50
12/31/2021,$11.40,"3,739,802",$11.86,$12.2811,$11.38
12/30/2021,$11.87,"5,056,165",$11.02,$12.26,$10.9849
12/29/2021,$11.12,"4,477,299",$11.35,$11.46,$10.93
12/28/2021,$11.48,"3,614,683",$11.91,$12.25,$11.47
12/27/2021,$11.96,"3,666,371",$12.43,$12.6099,$11.94
12/23/2021,$12.41,"3,178,491",$12.59,$12.84,$12.18
12/22/2021,$12.64,"3,384,575",$12.78,$13.19,$12.47
12/21/2021,$12.99,"5,796,270",$11.97,$13.07,$11.92
12/20/2021,$11.73,"3,900,794",$12.00,$12.27,$11.58
12/17/2021,$12.54,"6,162,658",$11.34,$12.68,$11.29
12/16/2021,$11.73,"5,330,917",$12.28,$12.60,$11.465
12/15/2021,$12.13,"6,532,692",$12.035,$12.33,$11.02
12/14/2021,$12.10,"4,135,948",$12.23,$12.57,$11.85
12/13/2021,$12.46,"4,450,666",$13.08,$13.19,$12.181
12/10/2021,$12.98,"5,099,172",$14.01,$14.228,$12.73
12/09/2021,$13.57,"8,579,946",$14.41,$14.95,$13.22
12/08/2021,$14.69,"17,196,050",$13.19,$14.83,$12.83
12/07/2021,$13.37,"22,091,410",$12.45,$14.06,$12.39
12/06/2021,$11.07,"4,460,758",$10.38,$11.42,$9.94
12/03/2021,$10.75,"7,194,161",$11.23,$11.24,$10.242
12/02/2021,$11.25,"3,825,882",$11.35,$11.79,$10.93
12/01/2021,$11.38,"4,701,855",$11.99,$12.33,$11.16
11/30/2021,$11.83,"5,132,781",$12.16,$12.59,$11.30
11/29/2021,$12.31,"6,397,966",$12.97,$13.20,$12.10
11/26/2021,$13.64,"2,932,914",$13.00,$13.66,$12.77
11/24/2021,$13.34,"4,697,148",$12.22,$13.53,$11.96
11/23/2021,$12.43,"4,646,126",$12.50,$13.18,$12.2128
11/22/2021,$12.74,"7,569,899",$14.15,$14.19,$12.605
11/19/2021,$14.09,"6,340,962",$13.69,$14.92,$13.65
11/18/2021,$13.83,"4,954,403",$14.37,$14.59,$13.68
11/17/2021,$14.34,"14,113,840",$14.94,$15.00,$13.33
11/16/2021,$14.96,"23,290,750",$17.89,$18.00,$14.40
11/15/2021,$18.52,"4,929,456",$18.98,$19.50,$18.13
11/12/2021,$18.81,"2,172,676",$18.49,$18.8299,$18.11
11/11/2021,$18.31,"2,304,456",$18.29,$18.6901,$18.22
11/10/2021,$18.08,"3,211,983",$18.53,$18.90,$17.81
11/09/2021,$18.65,"3,046,227",$19.31,$19.40,$18.31
11/08/2021,$19.16,"3,933,176",$18.56,$19.69,$18.50
11/05/2021,$18.40,"2,522,120",$18.54,$18.63,$18.06
11/04/2021,$18.49,"3,636,554",$19.28,$19.28,$18.1705
11/03/2021,$19.14,"3,553,428",$18.45,$19.55,$18.24
11/02/2021,$18.56,"3,402,915",$19.04,$19.07,$18.1595
11/01/2021,$19.23,"6,542,181",$17.55,$19.51,$17.46
10/29/2021,$17.47,"2,725,264",$17.68,$17.82,$17.24
10/28/2021,$17.87,"2,701,404",$17.50,$18.16,$17.35
10/27/2021,$17.64,"2,602,946",$18.31,$18.79,$17.64
10/26/2021,$18.28,"2,968,036",$19.10,$19.21,$18.11
10/25/2021,$18.96,"2,213,602",$18.52,$19.15,$18.30
10/22/2021,$18.39,"4,783,943",$19.79,$19.89,$18.16
10/21/2021,$20.09,"2,907,228",$19.82,$20.64,$19.74
10/20/2021,$19.96,"2,242,320",$20.54,$20.54,$19.642
10/19/2021,$20.24,"2,580,119",$19.83,$20.32,$19.50
10/18/2021,$19.69,"3,091,437",$19.04,$20.21,$18.87
10/15/2021,$19.03,"2,668,892",$19.34,$19.48,$18.94
10/14/2021,$19.32,"2,507,601",$19.67,$19.69,$18.93
10/13/2021,$19.18,"2,155,920",$19.00,$19.70,$18.99
10/12/2021,$19.06,"2,574,383",$18.72,$19.28,$18.37
10/11/2021,$18.65,"3,346,014",$18.56,$19.13,$18.29
10/08/2021,$18.62,"2,095,423",$18.94,$19.09,$18.23
10/07/2021,$18.60,"3,892,407",$18.49,$19.37,$18.13
10/06/2021,$18.03,"2,863,680",$17.43,$18.38,$17.27
10/05/2021,$17.70,"3,114,743",$17.59,$18.28,$17.36
10/04/2021,$17.50,"4,108,274",$18.22,$18.28,$17.07
10/01/2021,$18.43,"3,690,644",$18.66,$18.99,$17.99
09/30/2021,$18.59,"5,191,747",$17.86,$19.09,$17.4201
09/29/2021,$17.83,"5,091,494",$18.89,$19.33,$17.03
09/28/2021,$18.82,"6,905,437",$20.16,$20.62,$18.71
09/27/2021,$20.62,"4,011,870",$19.70,$21.25,$19.52
09/24/2021,$19.83,"1,905,326",$19.84,$20.00,$19.15
09/23/2021,$20.00,"3,370,785",$19.57,$20.2299,$19.30
09/22/2021,$19.18,"2,732,948",$18.80,$19.56,$18.75
09/21/2021,$18.87,"1,888,326",$18.72,$19.15,$18.61
09/20/2021,$18.58,"5,251,098",$19.17,$19.69,$17.98
09/17/2021,$19.99,"2,770,662",$19.56,$20.27,$19.48
09/16/2021,$19.44,"2,613,624",$19.32,$19.80,$18.91
09/15/2021,$19.55,"3,452,422",$19.24,$19.625,$18.59
09/14/2021,$19.28,"6,187,460",$20.40,$21.59,$19.27
09/13/2021,$19.66,"3,224,162",$19.32,$20.24,$18.68
09/10/2021,$19.39,"2,589,421",$19.92,$20.25,$19.27
09/09/2021,$19.62,"3,866,319",$19.03,$20.28,$18.95
09/08/2021,$19.14,"6,470,161",$20.89,$20.99,$19.11
09/07/2021,$20.81,"4,100,340",$20.88,$21.86,$20.73
09/03/2021,$20.75,"3,937,997",$20.80,$22.09,$20.53
09/02/2021,$20.88,"4,801,495",$21.67,$21.94,$20.66
09/01/2021,$21.50,"7,383,010",$19.86,$22.15,$19.86
08/31/2021,$20.01,"3,533,133",$20.39,$21.10,$19.43
08/30/2021,$20.25,"3,660,752",$20.16,$20.53,$19.12
08/27/2021,$19.84,"3,764,522",$19.69,$20.68,$19.40
08/26/2021,$19.84,"5,237,983",$20.18,$21.12,$19.49
08/25/2021,$20.32,"7,987,453",$18.94,$21.22,$18.6301
08/24/2021,$19.03,"4,564,950",$19.15,$19.45,$18.55
08/23/2021,$18.18,"3,523,737",$18.00,$18.38,$17.5901
08/20/2021,$17.78,"3,777,398",$17.01,$18.32,$17.00
08/19/2021,$17.08,"4,689,699",$18.00,$18.32,$16.94
08/18/2021,$18.05,"6,292,774",$18.33,$18.94,$17.31
08/17/2021,$18.02,"4,214,651",$17.88,$18.62,$17.62
08/16/2021,$18.32,"7,959,750",$19.075,$19.20,$17.85
08/13/2021,$19.26,"5,345,914",$20.50,$20.50,$19.01
08/12/2021,$20.54,"3,690,167",$20.99,$21.60,$20.03
08/11/2021,$21.09,"4,064,887",$20.38,$21.11,$19.76
08/10/2021,$20.54,"8,123,333",$21.00,$22.47,$20.04
08/09/2021,$21.99,"4,592,033",$21.28,$22.6424,$21.0977
08/06/2021,$21.27,"2,337,868",$21.50,$21.91,$20.74
08/05/2021,$21.21,"2,915,839",$21.00,$21.5799,$20.60
08/04/2021,$20.95,"2,794,197",$21.20,$21.77,$20.6586
08/03/2021,$21.35,"2,896,458",$22.08,$22.08,$20.85
08/02/2021,$22.03,"2,063,619",$22.02,$22.97,$21.40
07/30/2021,$21.86,"2,615,114",$21.57,$22.48,$21.50
07/29/2021,$22.12,"2,010,129",$22.615,$22.85,$21.8901
07/28/2021,$22.37,"2,086,492",$21.77,$22.67,$21.61
07/27/2021,$21.53,"3,429,743",$22.40,$22.65,$20.68
07/26/2021,$22.44,"2,467,935",$22.00,$22.93,$21.55
07/23/2021,$22.09,"2,858,907",$22.95,$23.20,$21.90
07/22/2021,$22.96,"2,617,901",$24.20,$24.47,$22.84
07/21/2021,$23.93,"2,520,965",$23.36,$24.37,$23.19
07/20/2021,$23.33,"3,658,235",$22.90,$23.7299,$21.55
07/19/2021,$22.77,"4,345,317",$21.78,$23.73,$21.34
07/16/2021,$22.51,"3,010,298",$23.31,$23.51,$22.45
07/15/2021,$23.19,"4,522,716",$22.61,$24.5499,$22.41
07/14/2021,$22.72,"5,807,708",$24.62,$24.81,$21.60
07/13/2021,$24.62,"2,681,995",$25.32,$25.73,$24.53
07/12/2021,$25.55,"4,762,161",$25.91,$25.9799,$24.31
07/09/2021,$25.92,"3,405,376",$25.82,$26.17,$24.815
07/08/2021,$25.56,"3,743,537",$24.41,$25.81,$24.2437
07/07/2021,$25.57,"4,608,315",$27.43,$27.51,$25.00
07/06/2021,$27.03,"3,107,984",$27.81,$28.22,$26.86
07/02/2021,$27.72,"3,366,048",$29.09,$29.3351,$27.31
07/01/2021,$28.65,"4,177,418",$30.30,$31.10,$28.60
06/30/2021,$30.33,"3,978,213",$31.14,$31.40,$29.85
06/29/2021,$31.61,"4,136,736",$31.59,$32.27,$30.58
06/28/2021,$31.58,"5,796,829",$29.93,$32.39,$29.70
06/25/2021,$29.40,"3,157,000",$30.16,$30.44,$29.0311
06/24/2021,$30.09,"5,613,306",$28.52,$30.61,$28.20
06/23/2021,$27.96,"2,486,290",$27.69,$28.60,$27.45
06/22/2021,$27.64,"3,153,471",$27.19,$27.91,$26.55
06/21/2021,$27.18,"4,654,095",$28.27,$28.69,$26.64
06/18/2021,$28.74,"3,512,011",$29.24,$29.81,$28.05
06/17/2021,$29.20,"6,244,434",$27.63,$30.805,$27.63
06/16/2021,$28.36,"3,369,437",$27.87,$28.68,$27.3509
06/15/2021,$27.80,"4,755,359",$30.27,$30.35,$27.50
06/14/2021,$30.39,"2,665,554",$30.05,$31.4499,$29.72
06/11/2021,$30.06,"2,701,853",$30.00,$30.5742,$29.63
06/10/2021,$29.53,"4,886,330",$31.13,$31.33,$28.58
06/09/2021,$31.05,"3,646,734",$32.97,$33.22,$31.05
06/08/2021,$32.44,"4,974,528",$33.05,$33.697,$31.52
06/07/2021,$32.84,"5,022,336",$31.258,$33.53,$30.58
06/04/2021,$31.12,"4,734,672",$33.14,$33.19,$30.78
06/03/2021,$32.47,"6,432,049",$31.33,$33.87,$30.75
06/02/2021,$32.08,"5,429,349",$32.128,$32.85,$30.88
06/01/2021,$31.98,"4,862,997",$29.41,$32.38,$29.33
05/28/2021,$29.19,"3,864,039",$29.80,$30.90,$29.09
05/27/2021,$29.70,"4,278,755",$29.15,$30.21,$27.9125
05/26/2021,$28.99,"5,308,777",$27.42,$29.53,$27.045
05/25/2021,$27.07,"3,270,999",$27.86,$28.35,$26.95
05/24/2021,$27.30,"3,645,276",$27.07,$27.65,$25.86
05/21/2021,$26.97,"3,450,434",$28.55,$28.73,$26.69
05/20/2021,$27.78,"4,999,565",$27.95,$28.66,$27.00
05/19/2021,$27.09,"5,150,366",$26.15,$27.63,$25.70
05/18/2021,$27.60,"6,594,945",$26.61,$28.80,$26.03
05/17/2021,$26.12,"4,320,672",$25.62,$26.43,$24.86
05/14/2021,$25.98,"6,334,704",$24.00,$26.03,$23.85
05/13/2021,$23.10,"7,682,089",$23.33,$24.56,$21.96
05/12/2021,$23.10,"9,066,101",$24.10,$25.01,$22.75
05/11/2021,$25.24,"22,028,990",$18.02,$25.48,$17.90
05/10/2021,$23.45,"12,208,240",$26.40,$26.76,$23.24
05/07/2021,$26.67,"6,571,919",$26.65,$27.74,$25.77
05/06/2021,$25.76,"20,934,360",$25.28,$27.30,$24.03
05/05/2021,$26.11,"4,103,289",$27.29,$27.81,$25.86
05/04/2021,$26.99,"12,809,710",$30.67,$30.765,$26.31
05/03/2021,$31.24,"9,109,991",$30.37,$32.199,$29.41
04/30/2021,$30.42,"4,316,788",$29.99,$31.85,$29.715
04/29/2021,$30.41,"4,630,246",$32.51,$32.91,$29.66
04/28/2021,$32.31,"2,832,955",$31.75,$32.70,$30.80
04/27/2021,$32.21,"4,345,532",$33.71,$33.75,$31.85
04/26/2021,$33.27,"5,570,312",$31.27,$33.50,$31.175
04/23/2021,$31.13,"3,674,281",$30.69,$31.60,$30.07
04/22/2021,$30.40,"8,844,826",$30.70,$32.24,$29.61
04/21/2021,$30.30,"7,666,702",$27.81,$30.55,$27.22
04/20/2021,$28.32,"6,792,557",$29.38,$30.1928,$27.77
04/19/2021,$29.68,"8,607,027",$31.76,$31.99,$28.95
04/16/2021,$32.08,"7,778,486",$33.00,$33.33,$31.78
04/15/2021,$34.23,"4,587,923",$36.13,$36.23,$33.34
04/14/2021,$35.15,"3,806,799",$36.01,$37.65,$34.94
04/13/2021,$35.73,"4,544,954",$35.65,$37.03,$34.54
04/12/2021,$35.48,"4,007,386",$36.60,$38.06,$35.14
04/09/2021,$37.20,"2,972,510",$38.00,$38.26,$36.53
04/08/2021,$38.07,"4,295,821",$37.75,$39.3599,$37.43
04/07/2021,$36.98,"6,527,135",$38.14,$39.1394,$36.66
04/06/2021,$38.61,"6,740,036",$36.90,$40.37,$36.52
04/05/2021,$36.88,"6,683,174",$38.50,$38.50,$35.43
04/01/2021,$38.01,"9,858,282",$36.72,$38.5577,$36.10
03/31/2021,$35.46,"7,370,759",$36.16,$36.98,$34.79
03/30/2021,$35.53,"10,986,190",$33.20,$35.92,$31.65
03/29/2021,$31.98,"8,422,976",$34.10,$34.71,$31.6001
03/26/2021,$34.55,"8,463,797",$35.00,$35.55,$32.33
03/25/2021,$35.33,"11,623,910",$32.50,$36.10,$32.22
03/24/2021,$34.06,"9,360,080",$39.02,$39.18,$33.71
03/23/2021,$38.67,"6,508,286",$40.50,$41.07,$37.62
03/22/2021,$40.96,"6,347,492",$42.95,$43.13,$40.88
03/19/2021,$42.14,"13,313,250",$42.77,$43.6299,$40.3001
03/18/2021,$42.50,"13,637,000",$48.00,$48.01,$42.00
03/17/2021,$50.08,"5,257,999",$46.19,$51.25,$45.81
03/16/2021,$48.17,"6,795,751",$52.07,$52.30,$46.41
03/15/2021,$51.55,"8,486,958",$47.92,$51.86,$47.0983
03/12/2021,$47.92,"5,536,784",$46.00,$48.7921,$45.00
03/11/2021,$49.19,"11,512,880",$44.50,$49.38,$43.61
03/10/2021,$42.23,"6,655,189",$42.92,$44.42,$40.40
03/09/2021,$41.63,"8,416,533",$36.36,$42.00,$35.71
03/08/2021,$33.83,"6,686,376",$37.34,$38.76,$33.61
03/05/2021,$37.33,"11,670,560",$39.51,$39.79,$31.42
03/04/2021,$38.44,"10,662,730",$40.15,$41.75,$36.18
03/03/2021,$41.82,"5,424,628",$44.01,$45.41,$41.35
03/02/2021,$44.27,"5,923,313",$48.50,$49.47,$43.00
03/01/2021,$47.02,"5,098,365",$46.95,$47.91,$44.73
02/26/2021,$44.31,"8,908,443",$45.21,$45.88,$41.68
02/25/2021,$46.20,"8,558,336",$51.01,$54.19,$45.05
02/24/2021,$51.98,"15,020,770",$46.11,$54.9167,$44.70
02/23/2021,$48.71,"8,943,366",$46.35,$49.16,$41.5211
02/22/2021,$51.48,"7,995,655",$54.00,$54.30,$50.69
02/19/2021,$55.92,"3,898,320",$55.94,$57.96,$55.1316
02/18/2021,$54.53,"6,734,425",$57.62,$58.4286,$53.3802
02/17/2021,$59.39,"4,803,538",$62.00,$62.00,$57.01
02/16/2021,$61.82,"4,711,030",$64.63,$66.30,$61.61
02/12/2021,$62.43,"3,542,210",$62.30,$65.16,$60.042
02/11/2021,$62.79,"4,896,588",$67.00,$67.4659,$61.80
02/10/2021,$65.51,"6,971,527",$65.51,$69.89,$63.62
02/09/2021,$65.49,"6,149,277",$62.28,$66.45,$61.8001
02/08/2021,$61.28,"4,633,743",$62.03,$64.50,$61.25
02/05/2021,$61.23,"6,295,835",$65.56,$65.70,$60.56
02/04/2021,$64.24,"5,803,293",$65.00,$67.48,$63.83
02/03/2021,$64.18,"7,925,949",$62.59,$66.25,$61.5901
02/02/2021,$61.39,"10,519,100",$66.01,$67.67,$61.08
02/01/2021,$62.80,"12,529,500",$59.50,$64.88,$56.40
01/29/2021,$57.55,"11,383,820",$57.50,$62.38,$54.80
01/28/2021,$56.45,"7,264,014",$57.35,$62.00,$54.50
01/27/2021,$57.37,"11,972,190",$56.00,$65.50,$54.25
01/26/2021,$57.91,"8,707,923",$59.06,$62.72,$56.31
01/25/2021,$58.79,"20,071,530",$58.01,$60.6715,$48.12
01/22/2021,$56.96,"26,050,060",$45.07,$57.4276,$45.0167
01/21/2021,$45.57,"11,008,710",$43.83,$46.55,$41.26
01/20/2021,$43.69,"7,728,545",$45.87,$47.65,$42.62
01/19/2021,$45.56,"6,949,512",$44.86,$45.75,$42.22
01/15/2021,$43.47,"9,629,381",$46.83,$48.00,$42.02
01/14/2021,$46.86,"13,295,700",$44.92,$47.8799,$44.51
01/13/2021,$43.30,"18,221,990",$40.35,$45.9594,$38.801
01/12/2021,$40.43,"9,879,737",$37.05,$40.99,$36.26
01/11/2021,$36.48,"5,855,648",$35.94,$38.255,$35.44
01/08/2021,$37.22,"9,132,554",$39.29,$39.99,$35.68
01/07/2021,$37.85,"13,493,800",$34.82,$39.3533,$34.59
01/06/2021,$33.21,"10,494,010",$35.80,$36.69,$33.00
01/05/2021,$36.24,"7,360,074",$34.35,$37.44,$34.11
01/04/2021,$35.68,"11,407,910",$39.94,$40.57,$35.52
12/31/2020,$40.35,"8,581,872",$42.50,$42.60,$39.8361
12/30/2020,$42.56,"13,493,660",$40.23,$44.00,$40.06
12/29/2020,$39.92,"8,739,364",$40.81,$41.68,$38.47
12/28/2020,$40.36,"14,462,260",$44.02,$44.30,$38.05
12/24/2020,$43.62,"9,981,095",$47.13,$47.50,$41.70
12/23/2020,$46.44,"12,768,910",$48.37,$49.00,$44.13
12/22/2020,$47.67,"17,170,390",$42.62,$48.16,$42.25
12/21/2020,$41.76,"13,972,130",$41.90,$44.48,$41.03
12/18/2020,$42.51,"20,138,340",$39.36,$43.7089,$37.70
12/17/2020,$39.14,"11,281,320",$39.34,$40.92,$38.52
12/16/2020,$39.29,"18,830,510",$36.20,$41.00,$36.02
12/15/2020,$36.29,"9,549,668",$36.83,$38.44,$35.15
12/14/2020,$37.03,"8,792,284",$39.26,$39.80,$36.42
12/11/2020,$38.13,"18,549,800",$38.00,$40.7798,$36.07
12/10/2020,$37.81,"17,141,790",$32.19,$38.2229,$31.912
12/09/2020,$33.47,"17,022,080",$35.72,$37.62,$32.52
12/08/2020,$35.50,"12,106,350",$34.09,$36.47,$32.56
12/07/2020,$33.25,"15,369,120",$32.06,$35.79,$31.97
12/04/2020,$31.54,"13,441,390",$33.39,$33.9499,$30.30
12/03/2020,$33.34,"21,779,890",$33.459,$35.11,$31.55
12/02/2020,$32.70,"35,324,410",$26.67,$33.28,$24.53
12/01/2020,$27.81,"20,391,550",$32.76,$32.76,$27.57
11/30/2020,$32.17,"33,269,230",$33.31,$34.56,$30.36
11/27/2020,$36.89,"22,184,500",$40.71,$40.90,$35.30
11/25/2020,$37.61,"37,685,870",$29.75,$38.86,$29.75
11/24/2020,$30.40,"21,643,830",$32.00,$33.42,$28.18
11/23/2020,$30.14,"28,178,020",$25.71,$31.19,$25.6733
11/20/2020,$24.74,"31,312,640",$24.10,$25.79,$22.10
11/19/2020,$24.23,"24,963,800",$20.26,$24.39,$20.26
11/18/2020,$20.47,"24,758,610",$17.76,$20.75,$17.76
11/17/2020,$17.22,"14,548,630",$15.31,$17.6399,$14.81
11/16/2020,$15.40,"7,392,921",$14.75,$15.58,$14.44
11/13/2020,$14.69,"8,424,438",$13.72,$14.71,$13.62
11/12/2020,$13.57,"11,859,790",$13.15,$14.45,$13.07
11/11/2020,$12.96,"10,279,330",$13.61,$13.79,$12.96
11/10/2020,$12.91,"30,560,500",$13.102,$15.00,$11.70
11/09/2020,$16.00,"13,961,280",$17.83,$17.85,$15.81
11/06/2020,$18.95,"9,360,805",$19.25,$19.30,$18.25
11/05/2020,$19.34,"14,911,050",$17.95,$19.61,$17.75
11/04/2020,$17.64,"9,111,200",$17.75,$18.08,$17.14
11/03/2020,$17.26,"11,464,430",$16.56,$17.65,$16.31
11/02/2020,$16.05,"9,293,002",$15.41,$16.47,$15.05
10/30/2020,$14.96,"15,327,540",$16.68,$17.30,$14.70
10/29/2020,$17.27,"14,156,890",$17.00,$17.56,$16.20
10/28/2020,$17.66,"15,499,830",$16.60,$17.90,$15.25
10/27/2020,$17.71,"12,641,570",$18.31,$18.58,$16.80
10/26/2020,$18.03,"30,816,890",$18.97,$19.60,$17.465
10/23/2020,$17.87,"21,000,500",$16.65,$17.98,$16.32
10/22/2020,$16.49,"15,324,020",$15.33,$16.88,$15.33
10/21/2020,$15.54,"13,862,450",$15.75,$15.87,$14.15
10/20/2020,$15.37,"27,424,330",$15.36,$17.13,$15.00
10/19/2020,$15.32,"15,188,160",$14.85,$15.76,$14.34
10/16/2020,$15.22,"36,538,360",$13.57,$15.88,$13.27
10/15/2020,$12.91,"10,938,990",$12.02,$12.99,$11.63
10/14/2020,$12.87,"17,475,450",$12.78,$13.69,$12.41
10/13/2020,$12.36,"13,493,960",$12.50,$12.78,$11.51
10/12/2020,$12.26,"24,470,460",$10.62,$12.40,$10.50
10/09/2020,$10.36,"28,129,340",$10.35,$11.80,$10.18
10/08/2020,$10.52,"35,453,760",$9.08,$10.64,$8.72
10/07/2020,$8.53,"4,918,871",$8.06,$8.65,$7.9898
10/06/2020,$7.92,"4,395,234",$8.11,$8.42,$7.86
10/05/2020,$8.14,"3,197,293",$8.13,$8.28,$7.8122
10/02/2020,$8.08,"1,949,472",$7.70,$8.13,$7.66
10/01/2020,$8.08,"3,320,140",$8.14,$8.17,$7.65
09/30/2020,$7.99,"6,535,525",$8.26,$8.68,$7.78
09/29/2020,$8.15,"8,993,719",$7.76,$8.66,$7.76
09/28/2020,$7.76,"2,380,637",$8.06,$8.06,$7.55
09/25/2020,$7.77,"2,685,788",$7.42,$7.94,$7.41
09/24/2020,$7.35,"2,738,832",$7.00,$7.59,$7.00
09/23/2020,$7.26,"4,904,173",$8.13,$8.2229,$7.17
09/22/2020,$8.27,"3,646,025",$7.99,$8.38,$7.72
09/21/2020,$7.88,"3,231,938",$7.42,$7.9278,$7.29
09/18/2020,$7.72,"3,969,793",$8.14,$8.20,$7.55
09/17/2020,$8.09,"3,290,874",$8.10,$8.37,$7.86
09/16/2020,$8.29,"4,606,325",$7.90,$8.60,$7.71
09/15/2020,$7.83,"3,124,531",$8.31,$8.40,$7.7832
09/14/2020,$8.20,"3,503,905",$8.33,$8.45,$7.92
09/11/2020,$8.24,"2,625,457",$8.48,$8.59,$8.1376
09/10/2020,$8.42,"4,506,422",$8.83,$9.17,$8.29
09/09/2020,$8.71,"3,128,556",$8.38,$8.83,$8.31
09/08/2020,$8.26,"2,821,359",$7.96,$8.68,$7.90
09/04/2020,$8.47,"6,922,244",$8.85,$9.04,$7.45
09/03/2020,$8.93,"4,104,296",$9.15,$9.35,$8.60
09/02/2020,$9.40,"4,080,712",$9.68,$9.78,$8.81
09/01/2020,$9.48,"4,202,802",$9.24,$9.68,$9.08
08/31/2020,$9.19,"4,555,554",$9.45,$9.55,$8.76
08/28/2020,$9.51,"5,663,949",$9.10,$9.88,$8.92
08/27/2020,$9.06,"6,688,552",$9.41,$9.45,$8.80
08/26/2020,$9.68,"10,979,720",$10.73,$11.2324,$9.38
08/25/2020,$10.61,"10,131,720",$10.38,$10.97,$9.96
08/24/2020,$10.35,"6,551,166",$10.33,$10.91,$10.21
08/21/2020,$10.00,"9,057,363",$10.52,$10.59,$9.57
08/20/2020,$10.88,"5,857,555",$11.22,$11.22,$10.66
08/19/2020,$11.23,"7,919,168",$12.08,$12.25,$11.13
08/18/2020,$12.01,"5,708,612",$12.21,$12.69,$11.91
08/17/2020,$11.98,"9,638,166",$13.36,$13.36,$11.80
08/14/2020,$13.47,"5,153,134",$13.60,$14.28,$13.0401
08/13/2020,$13.75,"14,489,820",$12.90,$14.96,$12.50
08/12/2020,$13.15,"29,801,410",$12.50,$13.50,$11.38
08/11/2020,$16.37,"13,146,820",$18.60,$18.94,$16.01
08/10/2020,$19.75,"12,861,140",$20.50,$20.77,$18.17
08/07/2020,$19.26,"19,615,880",$16.74,$19.54,$16.56
08/06/2020,$17.10,"7,132,867",$17.55,$17.70,$16.23
08/05/2020,$17.00,"22,116,020",$15.99,$18.69,$15.98
08/04/2020,$16.28,"57,440,090",$21.05,$23.90,$15.62
08/03/2020,$21.00,"47,251,730",$15.78,$21.02,$14.3602
07/31/2020,$15.56,"30,292,670",$13.46,$15.96,$12.81
07/30/2020,$12.67,"16,871,630",$11.31,$13.50,$11.15
07/29/2020,$11.37,"11,321,570",$10.10,$11.77,$10.0201
07/28/2020,$10.19,"5,061,034",$9.56,$10.47,$9.315
07/27/2020,$9.78,"4,820,223",$9.82,$9.99,$9.0738
07/24/2020,$9.49,"5,428,594",$8.81,$9.50,$8.51
07/23/2020,$8.95,"9,626,925",$9.23,$9.99,$8.50
07/22/2020,$10.36,"13,836,800",$8.94,$10.80,$8.90
07/21/2020,$8.95,"6,170,443",$9.06,$9.49,$8.54
07/20/2020,$9.33,"10,316,450",$7.65,$9.61,$7.5275
07/17/2020,$7.63,"2,685,521",$7.79,$8.0741,$7.44
07/16/2020,$7.78,"2,377,514",$7.44,$7.87,$7.40
07/15/2020,$7.68,"4,432,244",$8.00,$8.127,$7.21
07/14/2020,$7.60,"5,012,465",$7.33,$7.6764,$6.82
07/13/2020,$7.40,"9,729,730",$7.58,$8.65,$7.33
07/10/2020,$7.49,"5,813,899",$7.89,$8.00,$7.32
07/09/2020,$8.04,"20,649,410",$7.70,$8.94,$7.22
07/08/2020,$7.88,"22,655,110",$5.94,$7.90,$5.86
07/07/2020,$5.77,"3,881,273",$5.50,$6.20,$5.40
07/06/2020,$5.61,"2,598,364",$5.45,$5.63,$5.355
07/02/2020,$5.33,"2,380,680",$5.33,$5.46,$5.165
07/01/2020,$5.18,"2,878,643",$5.55,$5.65,$5.14
06/30/2020,$5.49,"2,904,896",$5.22,$5.63,$5.21
06/29/2020,$5.26,"2,033,579",$5.21,$5.33,$5.10
06/26/2020,$5.21,"2,955,225",$5.50,$5.59,$5.10
06/25/2020,$5.49,"3,099,128",$5.59,$5.76,$5.45
06/24/2020,$5.62,"6,447,362",$6.38,$6.59,$5.515
06/23/2020,$6.50,"6,031,761",$5.75,$6.94,$5.61
06/22/2020,$5.64,"2,764,157",$6.01,$6.09,$5.62
06/19/2020,$5.92,"4,148,805",$5.80,$6.39,$5.75
06/18/2020,$5.76,"1,389,512",$5.60,$5.80,$5.53
06/17/2020,$5.64,"1,329,124",$5.80,$5.80,$5.59
06/16/2020,$5.77,"2,300,645",$6.15,$6.24,$5.67
06/15/2020,$5.73,"2,381,090",$5.19,$5.83,$5.10
06/12/2020,$5.50,"1,826,487",$5.80,$5.80,$5.33
06/11/2020,$5.33,"2,485,630",$5.46,$5.69,$5.26
06/10/2020,$6.16,"1,468,875",$6.42,$6.50,$6.02
06/09/2020,$6.48,"2,582,368",$6.69,$6.70,$6.05
06/08/2020,$6.77,"4,321,686",$7.17,$7.19,$6.57
06/05/2020,$6.77,"5,435,043",$6.24,$6.84,$6.11
06/04/2020,$5.95,"3,843,451",$5.65,$6.05,$5.6201
06/03/2020,$5.65,"3,833,218",$5.06,$5.73,$5.05
06/02/2020,$5.03,"1,493,209",$4.80,$5.10,$4.76
06/01/2020,$4.93,"1,914,188",$4.49,$4.95,$4.49
05/29/2020,$4.49,"1,394,660",$4.34,$4.74,$4.30
05/28/2020,$4.35,"1,175,591",$4.67,$4.69,$4.34
05/27/2020,$4.63,"1,608,284",$4.80,$4.825,$4.4526
05/26/2020,$4.71,"2,259,290",$4.95,$5.0987,$4.68
05/22/2020,$4.69,"1,466,233",$4.92,$4.93,$4.60
05/21/2020,$4.88,"1,810,374",$4.59,$4.91,$4.43
05/20/2020,$4.59,"2,969,358",$4.53,$4.74,$4.25
05/19/2020,$4.32,"3,414,592",$4.05,$4.65,$4.00
05/18/2020,$4.00,"2,902,282",$4.28,$4.38,$3.93
05/15/2020,$4.02,"1,748,717",$4.03,$4.15,$3.90
05/14/2020,$4.13,"2,532,357",$3.95,$4.13,$3.75
05/13/2020,$4.21,"7,633,717",$5.00,$5.00,$3.89
05/12/2020,$5.23,"5,729,183",$6.10,$6.1101,$5.05
05/11/2020,$5.89,"6,369,057",$4.80,$5.89,$4.61
05/08/2020,$4.57,"1,239,634",$4.55,$4.63,$4.39
05/07/2020,$4.45,"2,506,447",$4.80,$4.90,$4.38
05/06/2020,$4.61,"2,099,106",$4.05,$4.74,$4.03
05/05/2020,$4.02,"1,447,489",$4.17,$4.25,$3.94
05/04/2020,$3.98,"788,102",$3.86,$4.07,$3.715
05/01/2020,$3.86,"1,835,887",$4.17,$4.3115,$3.80
04/30/2020,$4.39,"1,516,210",$4.44,$4.505,$4.18
04/29/2020,$4.51,"2,027,532",$4.77,$4.84,$4.41
04/28/2020,$4.56,"2,166,425",$4.87,$4.95,$4.3766
04/27/2020,$4.43,"2,357,279",$4.35,$4.72,$4.35
04/24/2020,$4.21,"1,263,353",$4.17,$4.32,$4.10
04/23/2020,$4.05,"2,199,426",$3.84,$4.34,$3.84
04/22/2020,$3.91,"957,355",$3.68,$3.93,$3.68
04/21/2020,$3.58,"1,662,700",$3.93,$3.98,$3.50
04/20/2020,$3.91,"2,698,459",$3.48,$4.19,$3.456
04/17/2020,$3.55,"1,206,029",$3.40,$3.59,$3.34
04/16/2020,$3.27,"916,444",$3.39,$3.445,$3.14
04/15/2020,$3.29,"877,111",$3.50,$3.50,$3.22
04/14/2020,$3.50,"3,039,411",$3.39,$3.82,$3.32
04/13/2020,$3.23,"1,877,470",$2.93,$3.25,$2.88
04/09/2020,$2.85,"2,007,505",$3.09,$3.1196,$2.75
04/08/2020,$3.04,"957,948",$2.96,$3.10,$2.86
04/07/2020,$2.80,"1,055,813",$3.10,$3.25,$2.76
04/06/2020,$2.93,"1,357,042",$2.75,$3.00,$2.66
04/03/2020,$2.58,"825,972",$2.81,$2.90,$2.55
04/02/2020,$2.82,"861,915",$2.71,$3.00,$2.71
04/01/2020,$2.73,"850,438",$2.95,$2.98,$2.66
03/31/2020,$2.92,"964,692",$3.08,$3.27,$2.86
03/30/2020,$3.12,"752,941",$3.20,$3.20,$3.01
03/27/2020,$3.07,"1,052,611",$3.14,$3.20,$2.97
03/26/2020,$3.28,"2,111,867",$3.15,$3.35,$3.11
03/25/2020,$3.06,"2,673,263",$3.21,$3.28,$3.05
03/24/2020,$2.92,"1,983,684",$2.60,$3.10,$2.53
03/23/2020,$2.41,"832,380",$2.32,$2.53,$2.25
03/20/2020,$2.33,"1,901,545",$2.79,$2.805,$2.20
03/19/2020,$2.59,"1,183,528",$2.40,$2.68,$2.34
03/18/2020,$2.39,"1,176,865",$2.43,$2.70,$2.15
03/17/2020,$2.68,"1,897,773",$2.68,$2.77,$2.42
03/16/2020,$2.57,"1,582,579",$2.38,$2.80,$2.34
03/13/2020,$2.83,"1,551,741",$2.75,$2.83,$2.50
03/12/2020,$2.50,"2,281,223",$2.43,$2.60,$2.30
03/11/2020,$2.86,"2,823,734",$3.07,$3.13,$2.80
03/10/2020,$3.20,"1,876,299",$3.37,$3.38,$3.00
03/09/2020,$3.15,"1,992,256",$3.18,$3.47,$3.15
03/06/2020,$3.70,"1,937,330",$3.82,$4.00,$3.62
03/05/2020,$3.97,"1,159,082",$3.94,$4.00,$3.76
03/04/2020,$4.02,"1,210,137",$3.99,$4.10,$3.85
03/03/2020,$3.84,"1,718,089",$4.15,$4.17,$3.75
03/02/2020,$3.99,"2,061,122",$4.18,$4.1929,$3.87
02/28/2020,$4.11,"2,339,905",$3.99,$4.28,$3.80
02/27/2020,$4.15,"3,901,355",$4.00,$4.38,$3.41
02/26/2020,$4.07,"5,645,644",$4.22,$4.69,$4.05
02/25/2020,$3.99,"9,189,220",$5.49,$5.50,$3.98
02/24/2020,$5.52,"3,319,268",$5.48,$5.67,$5.30
02/21/2020,$5.88,"2,329,240",$6.20,$6.26,$5.85
02/20/2020,$6.20,"5,053,935",$5.85,$6.58,$5.84
02/19/2020,$5.80,"2,226,870",$5.75,$5.95,$5.66
02/18/2020,$5.72,"2,331,299",$5.99,$6.02,$5.62
02/14/2020,$5.90,"3,959,988",$5.45,$5.95,$5.25
02/13/2020,$5.33,"2,219,461",$5.50,$5.58,$5.29
02/12/2020,$5.52,"3,560,005",$5.80,$5.99,$5.49
02/11/2020,$5.65,"3,925,305",$5.28,$5.75,$5.22
02/10/2020,$5.24,"2,142,966",$5.27,$5.35,$5.15
02/07/2020,$5.20,"2,796,662",$5.50,$5.585,$5.19
02/06/2020,$5.47,"2,395,150",$5.60,$5.81,$5.41
02/05/2020,$5.58,"2,458,428",$5.90,$5.97,$5.51
02/04/2020,$5.64,"2,620,981",$5.83,$5.84,$5.56
02/03/2020,$5.64,"5,773,962",$5.97,$6.40,$5.53
01/31/2020,$6.00,"2,634,415",$6.05,$6.47,$5.96
01/30/2020,$6.02,"4,100,024",$6.50,$6.50,$5.85
01/29/2020,$6.50,"3,652,191",$7.15,$7.26,$6.50
01/28/2020,$7.10,"2,277,025",$7.58,$7.65,$7.07
01/27/2020,$7.33,"4,314,724",$7.95,$8.01,$7.20
01/24/2020,$8.28,"4,918,369",$8.56,$9.06,$7.88
01/23/2020,$8.39,"6,255,462",$8.23,$8.90,$7.68
01/22/2020,$8.13,"9,184,279",$8.46,$9.30,$7.61
01/21/2020,$8.38,"5,953,834",$7.05,$8.39,$7.03
01/17/2020,$7.24,"14,103,090",$7.97,$8.63,$6.94
01/16/2020,$7.75,"8,151,347",$6.05,$7.97,$6.05
01/15/2020,$6.06,"646,214",$6.13,$6.25,$5.98
01/14/2020,$6.14,"814,595",$6.23,$6.28,$5.90
01/13/2020,$6.20,"1,210,765",$5.79,$6.21,$5.79
01/10/2020,$5.72,"1,282,034",$5.90,$6.01,$5.57
01/09/2020,$5.90,"1,299,848",$6.19,$6.28,$5.85
01/08/2020,$6.25,"1,006,343",$6.27,$6.35,$6.07
01/07/2020,$6.31,"584,164",$6.42,$6.48,$6.27
01/06/2020,$6.40,"1,168,311",$6.33,$6.45,$6.19
01/03/2020,$6.51,"1,422,525",$6.40,$6.64,$6.23
01/02/2020,$6.60,"1,787,449",$6.93,$7.03,$6.40
12/31/2019,$6.73,"2,390,873",$6.23,$6.75,$6.21
12/30/2019,$6.25,"1,468,112",$6.16,$6.27,$5.965
12/27/2019,$6.13,"1,725,062",$5.85,$6.19,$5.85
12/26/2019,$5.78,"649,143",$5.55,$5.83,$5.485
12/24/2019,$5.50,"194,129",$5.50,$5.58,$5.46
12/23/2019,$5.49,"362,553",$5.41,$5.59,$5.40
12/20/2019,$5.44,"689,958",$5.62,$5.63,$5.44
12/19/2019,$5.66,"584,336",$5.55,$5.6622,$5.40
12/18/2019,$5.48,"865,252",$5.80,$5.97,$5.42
12/17/2019,$5.75,"764,942",$5.39,$5.82,$5.36
12/16/2019,$5.44,"378,059",$5.35,$5.53,$5.35
12/13/2019,$5.38,"368,960",$5.51,$5.58,$5.35
12/12/2019,$5.46,"441,712",$5.34,$5.62,$5.34
12/11/2019,$5.43,"927,432",$5.56,$5.65,$5.33
12/10/2019,$5.53,"1,462,353",$5.63,$5.66,$5.20
12/09/2019,$5.58,"606,083",$5.90,$5.90,$5.56
12/06/2019,$5.85,"815,060",$5.80,$5.97,$5.70
12/05/2019,$5.75,"1,246,253",$6.00,$6.07,$5.60
12/04/2019,$6.07,"923,764",$6.00,$6.23,$5.70
12/03/2019,$6.00,"706,265",$6.00,$6.24,$5.83
12/02/2019,$6.07,"874,653",$6.15,$6.28,$6.01
11/29/2019,$6.26,"801,003",$6.32,$6.38,$6.04
11/27/2019,$6.30,"1,163,612",$5.89,$6.34,$5.82
11/26/2019,$5.93,"1,752,347",$5.60,$6.32,$5.45
11/25/2019,$5.59,"1,151,189",$5.90,$5.935,$5.49
11/22/2019,$5.81,"1,295,911",$5.74,$5.83,$5.45
11/21/2019,$5.52,"552,498",$5.42,$5.60,$5.35
11/20/2019,$5.48,"802,975",$5.16,$5.60,$5.08
11/19/2019,$5.28,"786,467",$5.25,$5.35,$5.01
11/18/2019,$5.28,"1,915,058",$5.50,$5.5849,$4.94
11/15/2019,$5.49,"901,378",$5.37,$5.58,$5.36
11/14/2019,$5.32,"2,778,414",$5.90,$5.95,$5.30
11/13/2019,$6.09,"2,466,205",$5.84,$6.30,$5.829
11/12/2019,$5.84,"3,531,521",$6.83,$6.83,$5.59
11/11/2019,$6.66,"1,837,080",$6.25,$6.86,$6.12
11/08/2019,$6.26,"662,800",$6.28,$6.38,$6.14
11/07/2019,$6.19,"527,774",$6.20,$6.305,$6.12
11/06/2019,$6.21,"826,785",$6.31,$6.40,$6.10
11/05/2019,$6.30,"722,498",$6.53,$6.55,$6.30
11/04/2019,$6.48,"1,335,564",$6.45,$6.75,$6.30
11/01/2019,$6.32,"701,454",$6.41,$6.60,$6.26
10/31/2019,$6.45,"553,311",$6.51,$6.51,$6.16
10/30/2019,$6.51,"1,396,151",$6.43,$6.58,$6.01
10/29/2019,$6.46,"893,843",$6.49,$6.605,$6.24
10/28/2019,$6.52,"856,951",$6.82,$6.9669,$6.45
10/25/2019,$6.80,"709,660",$6.85,$6.96,$6.61
10/24/2019,$6.87,"701,591",$6.89,$6.99,$6.62
10/23/2019,$6.89,"1,095,721",$6.81,$7.00,$6.58
10/22/2019,$6.74,"1,510,777",$7.15,$7.15,$6.51
10/21/2019,$7.22,"882,455",$7.22,$7.6826,$7.17
10/18/2019,$7.02,"1,507,640",$8.15,$8.2559,$7.00
10/17/2019,$7.98,"2,657,342",$7.36,$8.27,$7.08
10/16/2019,$7.24,"2,130,778",$6.85,$7.63,$6.56
10/15/2019,$6.78,"1,856,507",$6.11,$7.07,$5.92
10/14/2019,$6.20,"1,337,334",$6.62,$6.69,$6.08
10/11/2019,$6.68,"2,219,085",$7.17,$7.29,$6.419
10/10/2019,$7.19,"1,177,612",$7.55,$7.6499,$6.95
10/09/2019,$7.54,"934,620",$7.66,$7.79,$7.31
10/08/2019,$7.54,"1,394,210",$8.21,$8.2937,$7.47
10/07/2019,$8.36,"732,364",$8.00,$8.74,$8.00
10/04/2019,$8.07,"429,140",$8.04,$8.35,$8.01
10/03/2019,$7.94,"714,113",$7.66,$8.07,$7.60
10/02/2019,$7.58,"731,956",$7.28,$7.74,$7.11
10/01/2019,$7.39,"979,814",$7.89,$7.98,$7.35
09/30/2019,$7.93,"671,265",$8.17,$8.30,$7.8701
09/27/2019,$8.23,"923,580",$8.00,$8.87,$7.95
09/26/2019,$8.05,"1,667,178",$8.00,$8.59,$7.53
09/25/2019,$7.95,"1,227,282",$8.55,$8.60,$7.79
09/24/2019,$8.53,"1,406,947",$9.49,$9.77,$8.49
09/23/2019,$9.43,"1,119,303",$10.44,$10.52,$9.36
09/20/2019,$10.38,"815,154",$10.55,$10.77,$10.20
09/19/2019,$10.55,"549,194",$10.77,$11.08,$10.46
09/18/2019,$10.94,"480,418",$10.95,$11.13,$10.605
09/17/2019,$10.86,"435,688",$11.08,$11.42,$10.72
09/16/2019,$11.04,"430,962",$10.93,$11.24,$10.74
09/13/2019,$11.11,"462,792",$10.99,$11.42,$10.8836
09/12/2019,$10.93,"495,452",$10.80,$11.30,$10.60
09/11/2019,$10.75,"967,673",$10.84,$10.84,$10.46
09/10/2019,$10.88,"1,426,003",$10.76,$11.68,$10.42
09/09/2019,$10.77,"1,044,462",$11.23,$11.40,$10.35
09/06/2019,$11.05,"681,376",$10.90,$11.60,$10.80
09/05/2019,$10.90,"1,092,420",$11.18,$11.20,$10.10
09/04/2019,$11.31,"1,608,890",$10.35,$11.37,$10.26
09/03/2019,$10.05,"941,920",$11.04,$11.13,$9.99
08/30/2019,$11.15,"707,671",$10.80,$11.36,$10.59
08/29/2019,$10.80,"768,364",$10.70,$11.0688,$10.35
08/28/2019,$10.53,"1,299,759",$11.19,$11.19,$10.15
08/27/2019,$11.06,"789,292",$12.00,$12.1399,$11.05
08/26/2019,$11.83,"1,433,671",$12.99,$13.05,$11.41
08/23/2019,$12.77,"1,396,305",$12.81,$13.23,$12.58
08/22/2019,$13.31,"1,929,065",$12.82,$13.60,$12.50
08/21/2019,$12.27,"5,554,414",$11.83,$13.88,$11.81
08/20/2019,$14.75,"2,147,854",$15.91,$15.98,$14.30
08/19/2019,$15.41,"1,850,287",$13.57,$15.7581,$13.12
08/16/2019,$13.07,"932,655",$13.59,$13.67,$12.57
08/15/2019,$13.27,"933,357",$13.30,$13.58,$12.1003
08/14/2019,$12.80,"1,127,405",$12.75,$13.60,$11.80
08/13/2019,$13.13,"1,740,584",$11.50,$13.68,$11.30
08/12/2019,$11.48,"760,374",$12.65,$12.79,$11.43
08/09/2019,$12.35,"890,882",$13.11,$13.2479,$12.16
08/08/2019,$13.25,"630,768",$13.75,$14.00,$13.11
08/07/2019,$13.46,"1,158,551",$13.79,$13.81,$12.60
08/06/2019,$13.81,"630,252",$15.04,$15.43,$13.621
08/05/2019,$14.57,"1,191,302",$15.59,$15.93,$14.02
08/02/2019,$15.66,"580,275",$16.10,$16.30,$15.32
08/01/2019,$16.25,"620,597",$17.15,$17.28,$16.05
07/31/2019,$17.02,"1,762,107",$17.62,$17.88,$16.61
07/30/2019,$17.83,"1,290,896",$19.05,$19.43,$17.51
07/29/2019,$19.05,"1,052,323",$20.10,$20.11,$19.00
07/26/2019,$19.66,"603,331",$20.19,$21.15,$19.52
07/25/2019,$20.08,"543,650",$21.02,$21.47,$20.01
07/24/2019,$21.38,"314,785",$20.94,$21.51,$20.76
07/23/2019,$21.15,"766,056",$21.63,$22.11,$20.26
07/22/2019,$21.58,"513,914",$22.75,$23.10,$21.20
07/19/2019,$22.72,"442,532",$22.00,$23.20,$22.00
07/18/2019,$22.10,"436,789",$22.69,$22.7899,$21.88
07/17/2019,$22.72,"466,037",$23.05,$23.80,$22.70
07/16/2019,$23.07,"403,570",$23.97,$24.00,$22.95
07/15/2019,$23.85,"471,647",$24.45,$25.0184,$23.80
07/12/2019,$24.54,"720,963",$24.89,$25.26,$23.60
07/11/2019,$24.87,"449,096",$26.45,$26.575,$24.82
07/10/2019,$26.33,"633,718",$27.59,$27.99,$26.20
07/09/2019,$27.16,"444,544",$26.00,$27.4114,$25.46
07/08/2019,$25.98,"196,018",$26.13,$26.48,$25.65
07/05/2019,$26.07,"444,660",$24.88,$26.595,$24.88
07/03/2019,$24.85,"546,118",$25.14,$26.50,$24.60
07/02/2019,$25.14,"578,072",$26.03,$26.3663,$24.75
07/01/2019,$26.00,"638,448",$27.00,$27.29,$25.58
06/28/2019,$26.42,"722,606",$26.50,$26.80,$24.6026
06/27/2019,$26.27,"1,574,752",$26.33,$28.28,$26.27
06/26/2019,$26.12,"468,008",$25.65,$26.33,$25.23
06/25/2019,$25.65,"399,994",$25.21,$26.41,$24.57
06/24/2019,$25.53,"639,463",$25.59,$26.12,$24.651
06/21/2019,$25.62,"1,032,779",$24.00,$25.74,$23.70
06/20/2019,$24.04,"571,562",$22.96,$24.31,$22.96
06/19/2019,$23.08,"498,393",$23.21,$23.285,$22.50
06/18/2019,$23.13,"676,014",$23.18,$23.74,$22.72
06/17/2019,$23.33,"499,062",$24.20,$24.20,$22.95
06/14/2019,$24.23,"624,543",$23.87,$25.14,$23.2237
06/13/2019,$23.89,"829,446",$24.71,$24.9889,$22.90
06/12/2019,$24.75,"879,010",$22.42,$25.325,$22.41
06/11/2019,$22.58,"813,008",$23.61,$23.9486,$21.91
06/10/2019,$23.45,"918,551",$24.50,$24.97,$23.20
06/07/2019,$24.64,"906,394",$25.90,$26.50,$24.50
06/06/2019,$25.93,"547,369",$26.40,$26.80,$25.70
06/05/2019,$26.36,"693,512",$27.15,$27.4878,$25.55
06/04/2019,$26.54,"726,346",$26.00,$26.90,$25.9416
06/03/2019,$25.81,"1,198,978",$26.70,$27.1979,$24.38
05/31/2019,$26.62,"1,008,384",$24.97,$26.71,$24.77
05/30/2019,$25.33,"1,478,224",$24.36,$26.4591,$24.36
05/29/2019,$24.39,"1,419,331",$22.70,$24.67,$22.33
05/28/2019,$23.06,"2,558,002",$23.50,$24.54,$21.00
05/24/2019,$23.40,"1,452,576",$23.49,$24.30,$23.10
05/23/2019,$22.49,"1,702,865",$21.50,$23.00,$20.6205
05/22/2019,$22.35,"2,320,319",$23.29,$25.50,$22.00
05/21/2019,$23.29,"3,060,655",$20.89,$24.10,$20.8489
05/20/2019,$20.44,"2,251,205",$20.40,$21.88,$18.80
05/17/2019,$19.92,"2,485,583",$21.03,$21.28,$19.06
05/16/2019,$21.23,"2,922,224",$23.01,$23.4995,$21.00
05/15/2019,$23.44,"2,449,576",$25.75,$26.40,$23.27
05/14/2019,$25.60,"5,302,239",$28.21,$29.25,$25.07
05/13/2019,$26.60,"7,973,117",$21.46,$26.88,$20.15
05/10/2019,$24.50,"10,574,890",$24.16,$26.75,$18.13
05/09/2019,$26.89,"9,042,115",$32.10,$32.9067,$25.00
05/08/2019,$33.11,"1,406,618",$34.93,$35.73,$33.11
05/07/2019,$35.80,"3,333,820",$36.40,$36.55,$34.12
05/06/2019,$37.72,"2,170,328",$37.00,$40.40,$36.72
05/03/2019,$38.86,"3,465,563",$42.37,$43.1839,$37.63
05/02/2019,$40.77,"2,784,112",$45.54,$46.74,$40.551
05/01/2019,$46.99,"4,148,967",$43.33,$48.00,$42.1161
04/30/2019,$42.97,"3,496,385",$44.90,$45.00,$41.3009
04/29/2019,$45.26,"5,006,746",$41.33,$45.30,$40.33
04/26/2019,$40.21,"3,556,610",$36.81,$40.95,$35.8717
04/25/2019,$35.90,"1,445,648",$37.31,$37.52,$35.00
04/24/2019,$37.17,"2,528,676",$37.00,$38.74,$36.38
04/23/2019,$36.01,"1,936,940",$34.00,$36.30,$33.85
04/22/2019,$33.37,"3,034,129",$34.19,$37.00,$32.71
04/18/2019,$35.15,"6,950,760",$38.15,$38.40,$31.70
04/17/2019,$40.07,"14,088,340",$47.69,$49.77,$36.2101
04/16/2019,$43.04,"12,851,440",$35.33,$43.4999,$33.10
04/15/2019,$31.91,"12,822,250",$26.94,$39.95,$25.63
04/12/2019,$25.46,"9,457,369",$18.95,$25.46,$18.2601
