Date,Close,Volume,Open,High,Low
03/01/2024,$26.61,"1,455",$26.57,$26.6214,$26.57
02/29/2024,$26.61,"1,066",$26.715,$26.7199,$26.61
02/28/2024,$26.47,"2,242",$26.70,$26.70,$26.47
02/27/2024,$26.5094,"1,910",$26.65,$26.66,$26.50
02/26/2024,$26.685,"8,448",$26.70,$26.797,$26.4049
02/23/2024,$26.61,"5,277",$26.73,$26.79,$26.50
02/22/2024,$26.5297,"1,433",$26.52,$26.73,$26.52
02/21/2024,$26.65,"1,162",$26.6532,$26.66,$26.65
02/20/2024,$26.5701,"1,524",$26.6297,$26.6297,$26.57
02/16/2024,$26.57,357,$26.57,$26.57,$26.57
02/15/2024,$26.6161,"1,044",$26.64,$26.64,$26.5624
02/14/2024,$26.60,N/A,$26.60,$26.60,$26.60
02/13/2024,$26.60,N/A,$26.60,$26.60,$26.60
02/12/2024,$26.60,331,$26.60,$26.60,$26.60
02/09/2024,$26.69,641,$26.55,$26.69,$26.55
02/08/2024,$26.67,"2,807",$26.445,$26.67,$26.4144
02/07/2024,$26.48,"1,316",$26.40,$26.53,$26.40
02/06/2024,$26.40,"1,000",$26.40,$26.40,$26.40
02/05/2024,$26.50,"2,557",$26.43,$26.50,$26.40
02/02/2024,$26.40,872,$26.331,$26.40,$26.31
02/01/2024,$26.2883,"1,582",$26.26,$26.31,$26.2001
01/31/2024,$26.33,920,$26.32,$26.33,$26.20
01/30/2024,$26.39,"1,197",$26.34,$26.43,$26.34
01/29/2024,$26.30,"1,808",$26.20,$26.39,$26.20
01/26/2024,$26.20,657,$26.20,$26.20,$26.20
01/25/2024,$26.24,"1,438",$26.24,$26.24,$26.22
01/24/2024,$26.15,"1,573",$26.1299,$26.21,$26.1299
01/23/2024,$26.15,872,$26.09,$26.1846,$26.09
01/22/2024,$26.20,"4,728",$26.13,$26.20,$26.02
01/19/2024,$26.14,"1,841",$26.11,$26.20,$26.11
01/18/2024,$26.11,538,$26.11,$26.11,$26.11
01/17/2024,$26.17,"1,139",$26.21,$26.24,$26.15
01/16/2024,$26.20,"3,480",$26.28,$26.28,$26.1101
01/12/2024,$26.28,500,$26.30,$26.30,$26.28
01/11/2024,$26.30,"1,136",$26.30,$26.375,$26.30
01/10/2024,$26.24,"1,331",$26.32,$26.3649,$26.24
01/09/2024,$26.22,"1,284",$26.39,$26.39,$26.21
01/08/2024,$26.20,"13,006",$26.67,$26.67,$26.05
01/05/2024,$26.5998,"2,032",$26.52,$26.5998,$26.485
01/04/2024,$26.47,N/A,$26.47,$26.47,$26.47
01/03/2024,$26.47,245,$26.78,$26.78,$26.47
01/02/2024,$26.63,"2,310",$26.67,$26.70,$26.63
12/29/2023,$26.6573,334,$26.92,$26.92,$26.6573
12/28/2023,$26.67,"2,186",$26.98,$26.98,$26.60
12/27/2023,$27.35,"3,160",$27.63,$27.7045,$27.35
12/26/2023,$27.5301,"2,245",$27.65,$27.65,$27.50
12/22/2023,$27.65,765,$27.65,$27.65,$27.65
12/21/2023,$27.5781,"1,341",$27.60,$27.65,$27.5001
12/20/2023,$27.70,945,$27.75,$27.75,$27.70
12/19/2023,$27.6129,351,$27.6129,$27.6129,$27.6129
12/18/2023,$27.5874,"5,070",$27.40,$27.75,$27.40
12/15/2023,$27.36,505,$27.3799,$27.3799,$27.36
12/14/2023,$27.225,387,$27.17,$27.225,$27.17
12/13/2023,$27.25,"1,607",$26.88,$27.25,$26.86
12/12/2023,$27.10,847,$26.63,$27.10,$26.52
12/11/2023,$27.18,"1,039",$27.13,$27.20,$27.11
12/08/2023,$27.0997,380,$27.19,$27.19,$27.0997
12/07/2023,$27.18,295,$27.16,$27.18,$27.16
12/06/2023,$27.0001,"1,228",$26.85,$27.10,$26.82
12/05/2023,$27.0737,N/A,$27.0737,$27.0737,$27.0737
12/04/2023,$27.0737,N/A,$27.0737,$27.0737,$27.0737
12/01/2023,$27.0737,"1,909",$27.00,$27.15,$27.00
11/30/2023,$27.1777,"2,261",$27.00,$27.1777,$27.00
11/29/2023,$26.70,"3,276",$26.58,$27.15,$26.58
11/28/2023,$26.855,232,$26.855,$26.855,$26.855
11/27/2023,$26.7801,609,$26.78,$26.7801,$26.78
11/24/2023,$26.7905,N/A,$26.7905,$26.7905,$26.7905
11/22/2023,$26.7905,142,$26.7905,$26.7905,$26.7905
11/21/2023,$26.60,"2,960",$26.765,$26.80,$26.60
11/20/2023,$26.743,970,$26.7464,$26.7464,$26.66
11/17/2023,$26.792,470,$26.72,$26.792,$26.72
11/16/2023,$26.86,"1,850",$26.785,$26.86,$26.72
11/15/2023,$26.7094,"1,202",$26.66,$26.90,$26.66
11/14/2023,$26.66,576,$26.68,$26.68,$26.58
11/13/2023,$26.69,700,$26.60,$26.69,$26.60
11/10/2023,$26.625,201,$26.625,$26.625,$26.625
11/09/2023,$26.60,270,$26.60,$26.60,$26.60
11/08/2023,$26.576,"1,621",$26.58,$26.7002,$26.576
11/07/2023,$26.5728,N/A,$26.5728,$26.5728,$26.5728
11/06/2023,$26.5728,N/A,$26.5728,$26.5728,$26.5728
11/03/2023,$26.5728,704,$26.88,$26.88,$26.50
11/02/2023,$26.86,"10,055",$26.40,$26.90,$26.3762
11/01/2023,$26.2996,"3,501",$26.40,$26.40,$26.2996
10/31/2023,$26.30,"1,140",$26.35,$26.35,$26.30
10/30/2023,$26.325,"2,593",$26.30,$26.40,$26.25
10/27/2023,$26.1999,"3,173",$26.36,$26.39,$26.15
10/26/2023,$26.37,"1,199",$26.37,$26.37,$26.20
10/25/2023,$26.36,"5,269",$26.35,$26.40,$26.35
10/24/2023,$26.40,"3,657",$26.27,$26.40,$26.01
10/23/2023,$26.31,"2,835",$26.5634,$26.5634,$25.61
10/20/2023,$26.65,N/A,$26.65,$26.65,$26.65
10/19/2023,$26.65,N/A,$26.65,$26.65,$26.65
10/18/2023,$26.65,452,$26.42,$26.65,$26.41
10/17/2023,$26.672,725,$26.672,$26.672,$26.672
10/16/2023,$26.74,"2,000",$26.534,$26.74,$26.50
10/13/2023,$26.73,757,$26.57,$26.73,$26.57
10/12/2023,$26.73,N/A,$26.73,$26.73,$26.73
10/11/2023,$26.73,800,$26.43,$26.73,$26.41
10/10/2023,$26.68,N/A,$26.68,$26.68,$26.68
10/09/2023,$26.68,632,$26.59,$26.68,$26.5501
10/06/2023,$26.88,N/A,$26.88,$26.88,$26.88
10/05/2023,$26.88,"2,265",$26.50,$26.88,$26.50
10/04/2023,$26.915,"3,727",$26.58,$26.92,$26.43
10/03/2023,$26.82,"1,304",$26.60,$26.82,$26.4306
10/02/2023,$26.82,675,$26.6794,$26.82,$26.6794
09/29/2023,$26.79,436,$26.79,$26.79,$26.79
09/28/2023,$26.82,N/A,$26.82,$26.82,$26.82
09/27/2023,$26.82,525,$26.77,$26.82,$26.66
09/26/2023,$26.77,798,$26.73,$26.77,$26.73
09/25/2023,$26.79,"2,947",$26.649,$26.79,$26.60
09/22/2023,$26.80,"1,200",$26.57,$26.80,$26.57
09/21/2023,$26.73,997,$26.63,$26.74,$26.55
09/20/2023,$26.79,N/A,$26.79,$26.79,$26.79
09/19/2023,$26.79,N/A,$26.79,$26.79,$26.79
09/18/2023,$26.79,"1,658",$26.56,$26.79,$26.56
09/15/2023,$26.84,170,$26.84,$26.84,$26.84
09/14/2023,$26.82,472,$26.67,$26.82,$26.67
09/13/2023,$26.80,"1,703",$26.80,$26.80,$26.72
09/12/2023,$26.82,374,$26.64,$26.82,$26.64
09/11/2023,$26.78,337,$26.78,$26.78,$26.78
09/08/2023,$26.80,"2,881",$26.49,$26.80,$26.49
09/07/2023,$26.63,"1,278",$26.58,$26.64,$26.54
09/06/2023,$26.58,"5,711",$26.23,$26.58,$26.225
09/05/2023,$26.26,807,$26.25,$26.26,$26.24
09/01/2023,$26.48,"1,940",$26.42,$26.48,$26.23
08/31/2023,$26.79,954,$26.79,$26.79,$26.77
08/30/2023,$26.60,100,$26.60,$26.60,$26.60
08/29/2023,$26.5406,"1,045",$26.605,$26.605,$26.42
08/28/2023,$26.7999,N/A,$26.7999,$26.7999,$26.7999
08/25/2023,$26.7999,686,$26.80,$26.80,$26.43
08/24/2023,$26.80,N/A,$26.80,$26.80,$26.80
08/23/2023,$26.80,150,$26.80,$26.80,$26.80
08/22/2023,$26.77,354,$26.73,$26.77,$26.73
08/21/2023,$26.73,"1,294",$26.69,$26.73,$26.69
08/18/2023,$26.69,113,$26.69,$26.69,$26.69
08/17/2023,$26.63,605,$26.77,$26.77,$26.63
08/16/2023,$26.63,351,$26.29,$26.63,$26.29
08/15/2023,$26.75,474,$26.58,$26.75,$26.47
08/14/2023,$26.75,"1,699",$26.60,$26.76,$26.58
08/11/2023,$26.66,100,$26.66,$26.66,$26.66
08/10/2023,$26.25,900,$26.61,$26.70,$26.22
08/09/2023,$26.50,931,$26.34,$26.50,$26.34
08/08/2023,$26.37,"2,589",$26.475,$26.475,$26.20
08/07/2023,$26.57,"2,822",$26.50,$26.63,$26.475
08/04/2023,$26.65,497,$26.51,$26.65,$26.51
08/03/2023,$26.70,"5,273",$26.26,$26.70,$26.20
08/02/2023,$26.73,"2,569",$26.55,$26.73,$26.25
08/01/2023,$26.86,"5,528",$26.86,$26.88,$26.55
07/31/2023,$26.80,N/A,$26.80,$26.80,$26.80
07/28/2023,$26.80,"1,322",$26.66,$26.80,$26.6501
07/27/2023,$26.95,N/A,$26.95,$26.95,$26.95
07/26/2023,$26.95,265,$26.95,$26.95,$26.95
07/25/2023,$26.62,"2,167",$26.77,$26.99,$26.62
07/24/2023,$26.8957,408,$26.68,$26.8957,$26.68
07/21/2023,$26.91,N/A,$26.91,$26.91,$26.91
07/20/2023,$26.91,373,$26.96,$26.96,$26.91
07/19/2023,$26.84,"1,602",$26.55,$26.84,$26.478
07/18/2023,$26.55,"1,603",$26.5799,$26.5799,$26.45
07/17/2023,$26.58,524,$26.50,$26.58,$26.50
07/14/2023,$26.50,"3,551",$26.48,$26.51,$26.26
07/13/2023,$26.86,825,$26.92,$26.92,$26.45
07/12/2023,$26.89,"2,495",$26.62,$26.89,$26.28
07/11/2023,$26.96,"2,537",$26.678,$26.96,$26.60
07/10/2023,$26.97,N/A,$26.97,$26.97,$26.97
07/07/2023,$26.97,639,$26.99,$26.99,$26.57
07/06/2023,$27.00,N/A,$27.00,$27.00,$27.00
07/05/2023,$27.00,254,$27.00,$27.00,$27.00
07/03/2023,$27.01,N/A,$27.01,$27.01,$27.01
06/30/2023,$27.01,"2,858",$27.15,$27.18,$26.49
06/29/2023,$27.07,"7,175",$27.00,$27.25,$26.60
06/28/2023,$27.90,"7,370",$27.30,$28.0449,$27.30
06/27/2023,$27.57,"1,482",$27.46,$27.60,$27.3164
06/26/2023,$27.49,"3,409",$27.40,$27.55,$27.25
06/23/2023,$27.40,"2,668",$27.37,$27.50,$27.30
06/22/2023,$27.24,"1,217",$27.13,$27.35,$27.13
06/21/2023,$27.01,"1,152",$27.1893,$27.1916,$27.01
06/20/2023,$27.1725,N/A,$27.1725,$27.1725,$27.1725
06/16/2023,$27.1725,617,$27.16,$27.185,$27.04
06/15/2023,$27.1601,597,$27.1469,$27.1601,$27.1469
06/14/2023,$27.01,"1,668",$27.15,$27.15,$27.00
06/13/2023,$27.15,253,$27.12,$27.15,$27.12
06/12/2023,$27.0199,N/A,$27.0199,$27.0199,$27.0199
06/09/2023,$27.0199,838,$26.985,$27.0199,$26.985
06/08/2023,$27.099,458,$27.12,$27.12,$27.099
06/07/2023,$27.10,411,$26.85,$27.10,$26.85
06/06/2023,$26.90,"8,475",$27.2864,$27.2864,$25.46
06/05/2023,$27.07,550,$27.27,$27.27,$27.07
06/02/2023,$27.425,N/A,$27.425,$27.425,$27.425
06/01/2023,$27.425,N/A,$27.425,$27.425,$27.425
05/31/2023,$27.425,175,$27.425,$27.425,$27.425
05/30/2023,$27.1434,128,$27.1434,$27.1434,$27.1434
05/26/2023,$27.4028,328,$27.05,$27.4028,$27.05
05/25/2023,$26.9908,"1,375",$27.30,$27.54,$26.9908
05/24/2023,$27.52,280,$27.52,$27.52,$27.52
05/23/2023,$27.1982,N/A,$27.1982,$27.1982,$27.1982
05/22/2023,$27.1982,437,$26.8001,$27.1982,$26.8001
05/19/2023,$26.98,N/A,$26.98,$26.98,$26.98
05/18/2023,$26.98,672,$26.98,$26.98,$26.98
05/17/2023,$27.19,857,$27.12,$27.23,$26.98
05/16/2023,$27.2843,N/A,$27.2843,$27.2843,$27.2843
05/15/2023,$27.2843,"1,605",$27.1501,$27.2843,$26.98
05/12/2023,$27.05,521,$27.05,$27.05,$27.05
05/11/2023,$27.7883,"1,280",$26.9901,$27.7883,$26.9901
05/10/2023,$26.9801,"2,657",$27.105,$27.37,$26.98
05/09/2023,$27.17,"2,545",$26.98,$27.20,$26.98
05/08/2023,$27.165,370,$26.98,$27.165,$26.98
05/05/2023,$27.29,"1,670",$27.19,$27.4335,$26.98
05/04/2023,$26.9213,"1,799",$27.20,$27.20,$26.90
05/03/2023,$27.7434,911,$27.76,$27.80,$27.7434
05/02/2023,$28.74,411,$28.74,$28.74,$28.74
05/01/2023,$28.47,N/A,$28.47,$28.47,$28.47
04/28/2023,$28.47,100,$28.47,$28.47,$28.47
04/27/2023,$28.26,268,$28.26,$28.26,$28.26
04/26/2023,$28.3997,875,$28.40,$28.40,$28.3997
04/25/2023,$28.04,325,$27.89,$28.206,$27.89
04/24/2023,$28.2497,"1,028",$28.00,$28.25,$28.00
04/21/2023,$28.2274,169,$28.2274,$28.2274,$28.2274
04/20/2023,$27.55,"1,033",$27.65,$27.7001,$27.55
04/19/2023,$27.6501,302,$27.6501,$27.6501,$27.6501
04/18/2023,$27.95,"1,225",$28.00,$28.00,$27.45
04/17/2023,$27.75,N/A,$27.75,$27.75,$27.75
04/14/2023,$27.75,N/A,$27.75,$27.75,$27.75
04/13/2023,$27.75,N/A,$27.75,$27.75,$27.75
04/12/2023,$27.75,332,$27.75,$27.75,$27.75
04/11/2023,$27.59,"1,736",$27.1502,$27.87,$27.1502
04/10/2023,$27.4353,804,$27.28,$27.4353,$27.28
04/06/2023,$27.37,639,$27.2462,$27.46,$27.2462
04/05/2023,$27.77,750,$27.56,$27.77,$27.495
04/04/2023,$27.40,"3,945",$27.40,$27.50,$27.351
04/03/2023,$27.40,"2,400",$27.19,$27.5189,$26.90
03/31/2023,$27.6301,324,$27.65,$27.74,$27.6301
03/30/2023,$27.92,403,$27.92,$27.92,$27.92
03/29/2023,$28.18,"2,190",$27.73,$28.19,$27.73
03/28/2023,$28.19,"2,131",$27.92,$28.19,$27.8485
03/27/2023,$27.94,N/A,$27.94,$27.94,$27.94
03/24/2023,$27.94,"2,321",$27.49,$27.94,$27.42
03/23/2023,$27.49,994,$27.49,$27.68,$27.49
03/22/2023,$27.47,"5,424",$26.985,$27.50,$26.90
03/21/2023,$27.50,"1,546",$27.30,$27.50,$26.70
03/20/2023,$27.11,"1,225",$26.75,$27.15,$26.75
03/17/2023,$26.50,362,$27.0743,$27.0743,$26.50
03/16/2023,$27.05,916,$26.80,$27.05,$26.50
03/15/2023,$26.76,"3,498",$26.93,$27.3825,$26.50
03/14/2023,$26.99,"3,618",$27.10,$27.30,$26.80
03/13/2023,$26.65,"6,189",$26.93,$27.33,$26.65
03/10/2023,$26.65,"8,840",$27.30,$27.512,$25.73
03/09/2023,$27.5131,228,$27.5131,$27.5131,$27.5131
03/08/2023,$27.35,"2,220",$27.45,$27.50,$27.35
03/07/2023,$27.50,296,$27.50,$27.50,$27.50
03/06/2023,$27.52,251,$27.52,$27.52,$27.52
03/03/2023,$27.845,"4,170",$27.52,$27.845,$27.52
03/02/2023,$27.8974,"1,176",$27.63,$27.8974,$27.63
03/01/2023,$27.855,"1,400",$27.798,$28.00,$27.55
02/28/2023,$27.52,N/A,$27.52,$27.52,$27.52
02/27/2023,$27.52,124,$27.52,$27.52,$27.52
02/24/2023,$27.55,552,$27.57,$27.57,$27.55
02/23/2023,$27.8451,245,$27.8451,$27.8451,$27.8451
02/22/2023,$27.8177,N/A,$27.8177,$27.8177,$27.8177
02/21/2023,$27.8177,N/A,$27.8177,$27.8177,$27.8177
02/17/2023,$27.8177,N/A,$27.8177,$27.8177,$27.8177
02/16/2023,$27.8177,936,$28.1826,$28.1847,$27.8177
02/15/2023,$28.18,537,$28.0934,$28.18,$28.0934
02/14/2023,$27.5255,"3,154",$27.855,$27.855,$27.50
02/13/2023,$27.5451,"1,476",$27.53,$27.6068,$27.50
02/10/2023,$27.65,"1,337",$27.995,$27.995,$27.65
02/09/2023,$27.6525,"2,875",$27.6451,$27.719,$27.6451
02/08/2023,$27.74,463,$27.74,$27.74,$27.74
02/07/2023,$27.955,N/A,$27.955,$27.955,$27.955
02/06/2023,$27.955,599,$27.9491,$27.963,$27.6977
02/03/2023,$27.69,"1,080",$28.0224,$28.0224,$27.67
02/02/2023,$28.29,"1,140",$27.79,$28.29,$27.79
02/01/2023,$27.52,"1,092",$28.2294,$28.2294,$27.52
01/31/2023,$28.065,N/A,$28.065,$28.065,$28.065
01/30/2023,$28.065,N/A,$28.065,$28.065,$28.065
01/27/2023,$28.065,"2,294",$27.79,$28.065,$27.6517
01/26/2023,$27.70,730,$27.70,$27.70,$27.70
01/25/2023,$27.6102,391,$27.6102,$27.6102,$27.6102
01/24/2023,$27.53,N/A,$27.53,$27.53,$27.53
01/23/2023,$27.53,"1,231",$27.45,$27.64,$27.45
01/20/2023,$27.5735,161,$27.5735,$27.5735,$27.5735
01/19/2023,$27.545,650,$27.4798,$27.545,$27.4798
01/18/2023,$27.4852,"1,077",$27.50,$27.50,$27.45
01/17/2023,$27.4984,"1,829",$27.28,$27.4984,$27.28
01/13/2023,$27.275,"1,665",$27.60,$27.63,$27.275
01/12/2023,$26.97,"5,388",$27.61,$27.61,$26.97
01/11/2023,$27.55,"3,347",$27.31,$27.68,$27.31
01/10/2023,$27.77,"2,744",$27.41,$27.77,$27.4016
01/09/2023,$27.444,N/A,$27.444,$27.444,$27.444
01/06/2023,$27.444,"1,250",$27.35,$27.444,$27.25
01/05/2023,$27.2622,"8,132",$27.25,$27.35,$27.0001
01/04/2023,$27.10,"1,155",$27.19,$27.19,$26.93
01/03/2023,$27.19,"1,899",$26.90,$27.22,$26.87
12/30/2022,$26.86,"4,899",$26.95,$27.00,$26.80
12/29/2022,$27.1362,"2,943",$27.16,$27.2064,$27.10
12/28/2022,$27.7899,"3,912",$27.61,$27.7899,$27.50
12/27/2022,$27.7699,"2,032",$27.66,$27.88,$27.66
12/23/2022,$27.56,"2,994",$27.70,$27.77,$27.56
12/22/2022,$27.6953,675,$27.6953,$27.6953,$27.6953
12/21/2022,$27.515,702,$27.5936,$27.5936,$27.515
12/20/2022,$27.16,N/A,$27.16,$27.16,$27.16
12/19/2022,$27.16,"2,005",$27.62,$27.62,$27.16
12/16/2022,$27.60,"2,520",$27.65,$27.65,$27.60
12/15/2022,$27.60,"2,255",$27.62,$27.65,$27.60
12/14/2022,$27.75,"1,800",$27.75,$27.77,$27.75
12/13/2022,$27.89,100,$27.89,$27.89,$27.89
12/12/2022,$27.855,"1,247",$27.80,$27.89,$27.75
12/09/2022,$27.70,"1,755",$27.51,$27.70,$27.51
12/08/2022,$27.66,733,$27.69,$27.85,$27.66
12/07/2022,$27.6482,246,$27.6482,$27.6482,$27.6482
12/06/2022,$27.8856,255,$27.47,$27.8856,$27.47
12/05/2022,$27.47,310,$27.47,$27.47,$27.47
12/02/2022,$27.4699,"1,662",$27.49,$27.49,$27.335
12/01/2022,$27.4418,"1,448",$27.60,$27.72,$27.39
11/30/2022,$27.7108,100,$27.7108,$27.7108,$27.7108
11/29/2022,$27.8699,175,$27.8699,$27.8699,$27.8699
11/28/2022,$27.60,960,$27.35,$27.60,$27.35
11/25/2022,$27.56,N/A,$27.56,$27.56,$27.56
11/23/2022,$27.56,928,$27.85,$27.85,$27.54
11/22/2022,$27.314,825,$27.5999,$27.5999,$27.30
11/21/2022,$27.56,"2,361",$27.16,$27.75,$27.16
11/18/2022,$27.78,150,$27.78,$27.78,$27.78
11/17/2022,$27.40,"2,333",$27.39,$27.60,$27.39
11/16/2022,$27.28,"1,610",$27.38,$27.39,$27.28
11/15/2022,$27.243,"2,566",$27.088,$27.25,$27.088
11/14/2022,$27.20,"1,666",$27.285,$27.40,$27.15
11/11/2022,$27.25,"4,924",$27.25,$27.355,$27.0178
11/10/2022,$27.2288,"4,657",$27.4899,$27.49,$26.82
11/09/2022,$27.20,"1,726",$27.35,$27.35,$27.20
11/08/2022,$27.49,289,$27.4899,$27.49,$27.4899
11/07/2022,$27.49,"1,681",$27.21,$27.49,$27.2001
11/04/2022,$27.35,N/A,$27.35,$27.35,$27.35
11/03/2022,$27.35,N/A,$27.35,$27.35,$27.35
11/02/2022,$27.35,N/A,$27.35,$27.35,$27.35
11/01/2022,$27.35,661,$27.54,$27.54,$27.35
10/31/2022,$27.5337,"1,048",$27.4501,$27.575,$27.45
10/28/2022,$27.40,"1,807",$27.35,$27.45,$27.20
10/27/2022,$27.45,"5,111",$27.39,$27.50,$27.17
10/26/2022,$26.94,"5,054",$27.45,$27.50,$26.94
10/25/2022,$26.83,N/A,$26.83,$26.83,$26.83
10/24/2022,$26.83,"1,387",$26.76,$27.07,$26.76
10/21/2022,$27.30,N/A,$27.30,$27.30,$27.30
10/20/2022,$27.30,N/A,$27.30,$27.30,$27.30
10/19/2022,$27.30,725,$27.40,$27.40,$27.10
10/18/2022,$27.30,"4,978",$27.00,$27.55,$27.00
10/17/2022,$27.3501,"3,461",$27.35,$27.5001,$27.35
10/14/2022,$27.35,N/A,$27.35,$27.35,$27.35
10/13/2022,$27.35,475,$27.35,$27.35,$27.35
10/12/2022,$27.4756,350,$27.4756,$27.4756,$27.4756
10/11/2022,$27.39,"2,483",$27.55,$27.72,$27.39
10/10/2022,$27.55,N/A,$27.55,$27.55,$27.55
10/07/2022,$27.55,100,$27.55,$27.55,$27.55
10/06/2022,$27.89,725,$27.89,$27.89,$27.89
10/05/2022,$27.72,"3,355",$27.35,$27.89,$27.35
10/04/2022,$27.30,410,$27.316,$27.56,$27.30
10/03/2022,$27.50,504,$27.50,$27.80,$27.50
09/30/2022,$27.55,500,$27.57,$27.57,$27.25
09/29/2022,$27.75,"10,278",$27.1499,$28.25,$27.0825
09/28/2022,$27.15,425,$27.5999,$27.5999,$27.15
09/27/2022,$27.05,"1,993",$27.1582,$27.1582,$27.01
09/26/2022,$27.21,"2,990",$27.50,$27.525,$27.21
09/23/2022,$27.625,N/A,$27.625,$27.625,$27.625
09/22/2022,$27.625,"1,825",$27.63,$27.75,$27.60
09/21/2022,$27.62,"1,205",$27.23,$27.75,$27.23
09/20/2022,$26.945,"10,795",$28.00,$28.0001,$26.60
09/19/2022,$28.00,"1,951",$28.00,$28.062,$28.00
09/16/2022,$28.00,"1,625",$28.00,$28.1165,$28.00
09/15/2022,$28.26,"1,243",$28.24,$28.26,$28.23
09/14/2022,$28.03,512,$28.03,$28.03,$28.03
09/13/2022,$28.25,385,$28.25,$28.25,$28.25
09/12/2022,$28.15,240,$28.15,$28.15,$28.15
09/09/2022,$28.0827,695,$28.1598,$28.1598,$28.00
09/08/2022,$28.204,902,$28.10,$28.26,$28.10
09/07/2022,$28.00,"1,700",$28.24,$28.24,$28.00
09/06/2022,$28.195,250,$28.195,$28.195,$28.195
09/02/2022,$28.15,303,$28.00,$28.15,$28.00
09/01/2022,$28.078,300,$28.26,$28.26,$28.078
08/31/2022,$28.26,970,$28.2599,$28.26,$28.2599
08/30/2022,$28.00,"1,529",$28.02,$28.02,$28.00
08/29/2022,$28.10,"2,338",$28.10,$28.11,$28.10
08/26/2022,$28.18,401,$28.18,$28.18,$28.18
08/25/2022,$28.20,366,$28.15,$28.20,$28.15
08/24/2022,$28.1732,N/A,$28.1732,$28.1732,$28.1732
08/23/2022,$28.1732,325,$28.185,$28.185,$28.1732
08/22/2022,$28.37,950,$28.25,$28.37,$28.25
08/19/2022,$28.22,"1,349",$28.25,$28.50,$28.20
08/18/2022,$28.09,N/A,$28.09,$28.09,$28.09
08/17/2022,$28.09,539,$28.20,$28.20,$28.09
08/16/2022,$28.35,"3,540",$28.135,$28.35,$28.0205
08/15/2022,$28.25,"4,243",$27.99,$28.25,$27.95
08/12/2022,$27.90,"1,202",$27.96,$27.96,$27.90
08/11/2022,$27.88,"1,200",$27.66,$27.88,$27.62
08/10/2022,$27.9944,757,$27.9944,$27.9944,$27.9944
08/09/2022,$28.1594,N/A,$28.1594,$28.1594,$28.1594
08/08/2022,$28.1594,"4,654",$27.96,$28.255,$27.96
08/05/2022,$27.93,N/A,$27.93,$27.93,$27.93
08/04/2022,$27.93,N/A,$27.93,$27.93,$27.93
08/03/2022,$27.93,500,$27.89,$27.93,$27.89
08/02/2022,$27.74,317,$27.74,$27.74,$27.74
08/01/2022,$27.77,367,$27.77,$27.77,$27.77
07/29/2022,$27.78,"3,771",$27.6976,$27.78,$27.6976
07/28/2022,$27.80,"1,258",$28.01,$28.01,$27.80
07/27/2022,$27.6466,"1,169",$27.60,$27.695,$27.60
07/26/2022,$27.87,"1,248",$27.55,$27.87,$27.55
07/25/2022,$27.70,"1,090",$27.71,$27.8235,$27.69
07/22/2022,$27.56,"2,715",$27.76,$27.875,$27.50
07/21/2022,$28.00,"1,135",$27.91,$28.00,$27.85
07/20/2022,$27.9808,"1,211",$27.77,$27.995,$27.77
07/19/2022,$27.90,"10,360",$27.65,$28.6783,$27.65
07/18/2022,$27.6999,653,$27.70,$27.70,$27.6999
07/15/2022,$27.69,417,$27.70,$27.70,$27.5495
07/14/2022,$27.5699,"3,813",$27.70,$27.70,$27.4713
07/13/2022,$27.65,"4,340",$27.57,$27.70,$27.47
07/12/2022,$27.71,897,$27.93,$27.95,$27.71
07/11/2022,$27.85,"11,402",$27.74,$28.19,$27.6415
07/08/2022,$27.98,"7,613",$28.12,$28.30,$27.69
07/07/2022,$27.6012,"1,555",$27.50,$27.72,$27.50
07/06/2022,$27.591,"7,074",$27.56,$28.20,$27.36
07/05/2022,$27.99,"24,086",$28.15,$29.0707,$27.23
07/01/2022,$28.15,584,$28.091,$28.15,$28.075
06/30/2022,$27.60,"1,650",$28.07,$28.075,$27.60
06/29/2022,$28.15,"1,025",$28.415,$28.415,$28.15
06/28/2022,$28.51,"4,372",$29.05,$29.07,$28.12
06/27/2022,$28.70,"1,538",$29.09,$29.09,$28.70
06/24/2022,$29.0602,"3,927",$28.975,$29.0608,$28.89
06/23/2022,$28.54,"1,048",$28.21,$28.55,$28.21
06/22/2022,$28.63,301,$28.75,$28.75,$28.63
06/21/2022,$28.92,"1,118",$28.77,$28.96,$28.63
06/17/2022,$28.8013,"2,207",$28.8508,$28.8508,$28.02
06/16/2022,$28.815,945,$28.91,$28.91,$28.71
06/15/2022,$28.93,"3,027",$28.85,$28.95,$27.77
06/14/2022,$28.99,454,$29.00,$29.00,$28.99
06/13/2022,$29.00,"2,620",$29.05,$29.05,$28.9978
06/10/2022,$29.05,"2,700",$29.05,$29.2001,$29.05
06/09/2022,$29.2893,"1,207",$29.25,$29.2893,$29.12
06/08/2022,$29.32,213,$29.1401,$29.32,$29.1401
06/07/2022,$29.05,N/A,$29.05,$29.05,$29.05
06/06/2022,$29.05,938,$28.95,$29.2121,$28.95
06/03/2022,$29.2522,"3,250",$29.5001,$29.5001,$29.2522
06/02/2022,$29.25,"5,110",$29.655,$29.655,$28.925
06/01/2022,$29.535,"1,477",$29.10,$29.535,$29.0001
05/31/2022,$29.15,"2,637",$29.49,$29.49,$29.00
05/27/2022,$29.40,"4,741",$29.55,$29.56,$29.008
05/26/2022,$29.69,"1,060",$29.50,$29.795,$29.50
05/25/2022,$29.50,N/A,$29.50,$29.50,$29.50
05/24/2022,$29.50,612,$29.50,$29.51,$29.50
05/23/2022,$29.5023,899,$30.04,$30.04,$29.5023
05/20/2022,$29.66,"1,193",$29.9697,$29.9697,$29.66
05/19/2022,$29.83,523,$29.83,$29.83,$29.83
05/18/2022,$29.9901,424,$30.0702,$30.0702,$29.9901
05/17/2022,$29.91,"1,000",$29.95,$30.1046,$29.91
05/16/2022,$30.05,176,$30.05,$30.05,$30.05
05/13/2022,$30.00,"2,741",$30.2899,$30.55,$29.912
05/12/2022,$29.6601,"3,205",$29.75,$29.75,$29.6601
05/11/2022,$29.7399,442,$29.75,$29.75,$29.7367
05/10/2022,$29.42,"2,000",$29.42,$29.58,$29.42
05/09/2022,$29.50,"3,635",$29.75,$29.75,$29.50
05/06/2022,$29.9708,325,$29.9044,$29.9708,$29.77
05/05/2022,$29.77,"1,517",$30.00,$30.00,$29.77
05/04/2022,$29.8599,"1,455",$29.90,$29.9061,$29.70
05/03/2022,$30.10,263,$30.10,$30.10,$30.10
05/02/2022,$30.3284,"6,506",$30.65,$30.65,$29.50
04/29/2022,$30.73,N/A,$30.73,$30.73,$30.73
04/28/2022,$30.73,230,$30.73,$30.73,$30.73
04/27/2022,$31.00,567,$31.00,$31.00,$31.00
04/26/2022,$31.04,"3,262",$30.95,$31.04,$30.86
04/25/2022,$31.05,N/A,$31.05,$31.05,$31.05
04/22/2022,$31.05,N/A,$31.05,$31.05,$31.05
04/21/2022,$31.05,"9,353",$30.25,$31.60,$30.24
04/20/2022,$30.25,102,$30.25,$30.25,$30.25
04/19/2022,$30.49,"1,070",$30.487,$30.49,$30.48
04/18/2022,$30.23,662,$30.15,$30.23,$30.0239
04/14/2022,$30.358,"1,002",$30.358,$30.358,$30.358
04/13/2022,$30.2999,400,$30.15,$30.2999,$30.15
04/12/2022,$30.10,"2,603",$30.064,$30.48,$29.99
04/11/2022,$30.00,"3,156",$30.26,$30.47,$30.00
04/08/2022,$30.08,200,$30.05,$30.08,$30.05
04/07/2022,$30.20,N/A,$30.20,$30.20,$30.20
04/06/2022,$30.20,"1,576",$30.056,$30.20,$30.00
04/05/2022,$30.05,"1,480",$29.98,$30.08,$29.9796
04/04/2022,$29.80,"2,296",$29.775,$29.80,$29.775
04/01/2022,$29.9452,N/A,$29.9452,$29.9452,$29.9452
03/31/2022,$29.9452,900,$29.9452,$29.9452,$29.9452
03/30/2022,$30.00,N/A,$30.00,$30.00,$30.00
03/29/2022,$30.00,425,$30.00,$30.00,$30.00
03/28/2022,$30.00,N/A,$30.00,$30.00,$30.00
03/25/2022,$30.00,225,$30.00,$30.00,$30.00
03/24/2022,$30.1923,"2,302",$29.79,$30.1923,$29.70
03/23/2022,$29.5501,"2,372",$29.80,$29.8001,$29.5501
03/22/2022,$29.76,"4,815",$29.79,$29.81,$29.6618
03/21/2022,$29.62,"1,400",$29.7164,$29.7399,$29.62
03/18/2022,$29.74,365,$29.7489,$29.7489,$29.74
03/17/2022,$29.7014,"2,125",$29.88,$29.88,$29.52
03/16/2022,$29.61,"1,803",$29.80,$30.49,$29.61
03/15/2022,$29.50,"4,182",$29.85,$30.0027,$29.50
03/14/2022,$29.50,"1,100",$29.75,$29.7501,$29.50
03/11/2022,$29.7365,"1,923",$30.12,$30.12,$29.035
03/10/2022,$30.25,702,$30.40,$30.40,$30.25
03/09/2022,$30.65,263,$30.65,$30.65,$30.65
03/08/2022,$30.22,971,$30.34,$30.40,$30.22
03/07/2022,$30.30,946,$30.60,$30.60,$30.30
03/04/2022,$30.40,800,$30.40,$30.4002,$30.40
03/03/2022,$30.3993,"1,721",$30.55,$30.92,$30.3993
03/02/2022,$30.36,"1,884",$30.76,$30.7601,$30.25
03/01/2022,$30.628,252,$30.628,$30.628,$30.628
02/28/2022,$30.66,"1,264",$30.50,$30.66,$30.50
02/25/2022,$30.6501,"1,334",$30.782,$30.99,$30.65
02/24/2022,$30.6675,418,$30.59,$30.6675,$30.59
02/23/2022,$30.865,"3,661",$30.99,$31.20,$30.81
02/22/2022,$30.75,"1,327",$30.71,$30.75,$30.5601
02/18/2022,$30.9709,428,$30.96,$30.9709,$30.96
02/17/2022,$30.2009,993,$30.60,$30.60,$30.20
02/16/2022,$30.9887,"1,231",$30.7501,$30.9887,$30.58
02/15/2022,$30.96,130,$30.96,$30.96,$30.96
02/14/2022,$30.70,"1,598",$30.82,$30.985,$30.06
02/11/2022,$31.00,N/A,$31.00,$31.00,$31.00
02/10/2022,$31.00,"1,925",$30.8966,$31.3299,$30.76
02/09/2022,$31.20,350,$31.20,$31.20,$31.20
02/08/2022,$31.07,"3,688",$31.00,$31.4109,$30.85
02/07/2022,$31.73,190,$31.73,$31.73,$31.73
02/04/2022,$31.30,525,$31.3783,$31.3783,$31.30
02/03/2022,$31.47,"1,038",$31.35,$31.47,$31.01
02/02/2022,$31.31,625,$31.2187,$31.31,$31.2187
02/01/2022,$31.323,482,$31.01,$31.323,$31.00
01/31/2022,$31.1198,115,$31.1198,$31.1198,$31.1198
01/28/2022,$31.265,635,$31.265,$31.265,$31.265
01/27/2022,$31.266,N/A,$31.266,$31.266,$31.266
01/26/2022,$31.266,205,$31.266,$31.266,$31.266
01/25/2022,$31.48,538,$31.10,$31.48,$31.10
01/24/2022,$31.09,"1,567",$31.0001,$31.10,$31.0001
01/21/2022,$31.0999,"3,626",$31.0639,$31.10,$30.90
01/20/2022,$31.00,"1,090",$31.26,$31.26,$31.00
01/19/2022,$31.3737,"1,031",$31.00,$31.3737,$31.00
01/18/2022,$30.85,"11,818",$31.42,$31.52,$30.60
01/14/2022,$31.36,121,$31.36,$31.36,$31.36
01/13/2022,$31.32,"1,707",$31.32,$31.40,$31.32
01/12/2022,$31.3031,"1,440",$31.30,$31.33,$31.30
01/11/2022,$31.04,"3,222",$31.18,$31.72,$31.015
01/10/2022,$31.10,"1,177",$31.34,$31.34,$31.10
01/07/2022,$30.96,"1,281",$31.40,$31.40,$30.96
01/06/2022,$31.2883,"8,045",$30.50,$31.52,$30.50
01/05/2022,$30.4999,"3,879",$30.95,$30.95,$30.375
01/04/2022,$30.98,"4,374",$31.74,$31.74,$30.97
01/03/2022,$31.63,"4,317",$31.8795,$31.8795,$31.63
12/31/2021,$31.63,"6,441",$31.71,$31.8206,$31.19
12/30/2021,$31.75,"2,022",$32.12,$32.12,$31.75
12/29/2021,$32.46,"11,717",$32.21,$32.595,$32.10
12/28/2021,$31.85,"1,714",$32.00,$32.00,$31.85
12/27/2021,$32.00,"1,555",$32.00,$32.0965,$31.9404
12/23/2021,$32.125,"4,063",$32.11,$32.25,$32.09
12/22/2021,$31.86,399,$31.9007,$31.9007,$31.86
12/21/2021,$31.92,N/A,$31.92,$31.92,$31.92
12/20/2021,$31.92,825,$32.055,$32.055,$31.92
12/17/2021,$32.16,"2,510",$32.10,$32.16,$30.89
12/16/2021,$32.39,"1,912",$32.34,$32.40,$32.17
12/15/2021,$32.277,369,$32.277,$32.277,$32.277
12/14/2021,$32.16,901,$32.055,$32.16,$32.055
12/13/2021,$32.2473,N/A,$32.2473,$32.2473,$32.2473
12/10/2021,$32.2473,381,$32.17,$32.2473,$32.17
12/09/2021,$32.343,"1,542",$32.16,$32.343,$32.16
12/08/2021,$32.2739,"3,229",$32.32,$32.33,$32.19
12/07/2021,$32.20,550,$32.19,$32.20,$32.19
12/06/2021,$32.18,"1,200",$32.2072,$32.24,$32.1683
12/03/2021,$32.03,942,$32.11,$32.11,$32.03
12/02/2021,$32.13,986,$32.16,$32.16,$32.13
12/01/2021,$32.04,601,$32.15,$32.15,$32.04
11/30/2021,$32.2371,"1,600",$32.06,$32.2371,$32.01
11/29/2021,$32.00,"2,335",$32.20,$32.24,$32.00
11/26/2021,$32.15,100,$32.15,$32.15,$32.15
11/24/2021,$32.14,"1,500",$32.16,$32.17,$32.11
11/23/2021,$32.21,330,$32.21,$32.21,$32.21
11/22/2021,$32.2005,"1,028",$32.46,$32.46,$32.04
11/19/2021,$32.00,"2,297",$32.20,$32.20,$32.00
11/18/2021,$32.21,600,$32.16,$32.21,$32.16
11/17/2021,$32.17,"1,000",$32.26,$32.2801,$32.17
11/16/2021,$32.3085,"1,200",$32.31,$32.31,$32.20
11/15/2021,$32.16,"1,820",$32.50,$32.50,$32.16
11/12/2021,$32.50,357,$32.50,$32.50,$32.50
11/11/2021,$32.3061,800,$32.41,$32.41,$32.3061
11/10/2021,$32.38,"1,393",$32.38,$32.40,$32.38
11/09/2021,$32.40,N/A,$32.40,$32.40,$32.40
11/08/2021,$32.40,567,$32.42,$32.42,$32.40
11/05/2021,$32.54,"4,370",$32.25,$32.95,$32.20
11/04/2021,$32.5147,950,$32.50,$32.5147,$32.50
11/03/2021,$32.67,"1,584",$32.46,$32.67,$32.46
11/02/2021,$32.375,200,$32.26,$32.375,$32.26
11/01/2021,$32.24,442,$32.25,$32.25,$32.24
10/29/2021,$32.5007,520,$32.5007,$32.5007,$32.5007
10/28/2021,$32.25,423,$32.415,$32.415,$32.25
10/27/2021,$32.4564,N/A,$32.4564,$32.4564,$32.4564
10/26/2021,$32.4564,"1,003",$32.375,$32.4675,$32.30
10/25/2021,$32.28,"1,562",$32.39,$32.39,$32.28
10/22/2021,$32.4073,"2,902",$32.58,$32.58,$32.16
10/21/2021,$32.68,892,$32.522,$32.68,$32.324
10/20/2021,$32.475,N/A,$32.475,$32.475,$32.475
10/19/2021,$32.475,"1,012",$32.3335,$32.64,$32.3335
10/18/2021,$32.19,874,$32.22,$32.336,$32.19
10/15/2021,$32.27,815,$32.69,$32.69,$32.27
10/14/2021,$32.45,330,$32.45,$32.45,$32.45
10/13/2021,$32.48,"1,189",$32.42,$32.48,$32.30
10/12/2021,$32.16,900,$32.15,$32.17,$32.15
10/11/2021,$32.32,"1,760",$32.32,$32.32,$32.32
10/08/2021,$32.3359,N/A,$32.3359,$32.3359,$32.3359
10/07/2021,$32.3359,N/A,$32.3359,$32.3359,$32.3359
10/06/2021,$32.3359,850,$32.3359,$32.3359,$32.3359
10/05/2021,$32.7099,375,$32.9199,$32.9199,$32.7099
10/04/2021,$32.29,N/A,$32.29,$32.29,$32.29
10/01/2021,$32.29,893,$32.44,$32.44,$32.29
09/30/2021,$32.886,"1,192",$33.1726,$33.1726,$32.8759
09/29/2021,$33.06,N/A,$33.06,$33.06,$33.06
09/28/2021,$33.06,525,$33.06,$33.0601,$33.06
09/27/2021,$33.06,325,$33.06,$33.2021,$33.06
09/24/2021,$33.275,"1,463",$32.99,$33.275,$32.99
09/23/2021,$32.99,120,$32.99,$32.99,$32.99
09/22/2021,$33.37,"1,995",$32.66,$33.37,$32.66
09/21/2021,$33.07,"2,480",$32.50,$33.12,$32.50
09/20/2021,$32.49,"2,075",$32.45,$32.75,$32.44
09/17/2021,$32.3484,N/A,$32.3484,$32.3484,$32.3484
09/16/2021,$32.3484,800,$32.29,$32.3484,$32.29
09/15/2021,$32.4484,"1,415",$32.29,$32.4484,$32.29
09/14/2021,$32.3933,"1,835",$32.29,$32.3933,$32.29
09/13/2021,$32.30,N/A,$32.30,$32.30,$32.30
09/10/2021,$32.30,N/A,$32.30,$32.30,$32.30
09/09/2021,$32.30,205,$32.30,$32.30,$32.30
09/08/2021,$32.30,202,$32.30,$32.30,$32.30
09/07/2021,$32.31,602,$32.4333,$32.4333,$32.31
09/03/2021,$32.29,483,$32.383,$32.395,$32.29
09/02/2021,$32.50,200,$32.50,$32.50,$32.50
09/01/2021,$32.29,577,$32.50,$32.50,$32.29
08/31/2021,$32.2901,"1,859",$32.32,$32.46,$32.29
08/30/2021,$32.275,N/A,$32.275,$32.275,$32.275
08/27/2021,$32.275,"1,057",$32.43,$32.43,$32.275
08/26/2021,$32.4528,103,$32.4528,$32.4528,$32.4528
08/25/2021,$32.44,171,$32.44,$32.44,$32.44
08/24/2021,$32.55,856,$32.55,$32.58,$32.50
08/23/2021,$32.26,"3,000",$32.37,$32.48,$32.26
08/20/2021,$32.4688,545,$32.4688,$32.4688,$32.4688
08/19/2021,$32.725,634,$32.65,$32.725,$32.65
08/18/2021,$32.7884,N/A,$32.7884,$32.7884,$32.7884
08/17/2021,$32.7884,"2,046",$32.23,$32.8699,$32.23
08/16/2021,$32.5874,N/A,$32.5874,$32.5874,$32.5874
08/13/2021,$32.5874,N/A,$32.5874,$32.5874,$32.5874
08/12/2021,$32.5874,"1,890",$32.24,$32.5874,$32.24
08/11/2021,$32.2366,400,$32.2366,$32.2366,$32.2366
08/10/2021,$32.2013,N/A,$32.2013,$32.2013,$32.2013
08/09/2021,$32.2013,"3,238",$32.70,$32.80,$32.13
08/06/2021,$32.8366,930,$32.78,$32.90,$32.7797
08/05/2021,$32.7899,"1,077",$32.69,$32.7899,$32.5824
08/04/2021,$32.6799,"1,007",$32.69,$32.69,$32.35
08/03/2021,$32.73,"6,431",$32.11,$32.75,$31.83
08/02/2021,$32.125,N/A,$32.125,$32.125,$32.125
07/30/2021,$32.125,"2,367",$31.5501,$32.125,$31.5501
07/29/2021,$31.64,"2,482",$31.86,$31.86,$31.50
07/28/2021,$32.4897,259,$32.17,$32.4897,$32.17
07/27/2021,$32.512,"1,140",$32.13,$32.512,$32.13
07/26/2021,$32.3135,505,$32.13,$32.3135,$32.13
07/23/2021,$32.1314,N/A,$32.1314,$32.1314,$32.1314
07/22/2021,$32.1314,N/A,$32.1314,$32.1314,$32.1314
07/21/2021,$32.1314,201,$32.1314,$32.1314,$32.1314
07/20/2021,$32.7053,179,$32.7053,$32.7053,$32.7053
07/19/2021,$32.319,267,$32.15,$32.319,$32.15
07/16/2021,$32.21,"1,820",$32.22,$32.24,$32.20
07/15/2021,$32.5001,N/A,$32.5001,$32.5001,$32.5001
07/14/2021,$32.5001,688,$32.50,$32.55,$32.50
07/13/2021,$32.1606,717,$32.49,$32.49,$32.1606
07/12/2021,$32.46,"1,192",$32.33,$32.4713,$32.33
07/09/2021,$32.1825,"1,794",$32.15,$32.50,$32.1204
07/08/2021,$32.20,168,$32.20,$32.20,$32.20
07/07/2021,$32.18,926,$32.20,$32.25,$32.005
07/06/2021,$32.4999,"1,501",$32.21,$32.4999,$32.0001
07/02/2021,$32.50,"1,260",$32.64,$32.64,$32.4479
07/01/2021,$32.42,573,$31.95,$32.42,$31.95
06/30/2021,$32.37,"6,848",$32.04,$32.4143,$31.9827
06/29/2021,$32.1399,"9,114",$31.02,$32.63,$31.02
06/28/2021,$33.14,781,$33.205,$33.205,$33.14
06/25/2021,$32.80,"3,010",$33.02,$33.375,$32.6187
06/24/2021,$32.825,"1,350",$32.75,$32.825,$32.50
06/23/2021,$32.75,150,$32.75,$32.75,$32.75
06/22/2021,$32.73,"3,486",$32.85,$32.85,$32.50
06/21/2021,$32.61,301,$32.61,$32.61,$32.61
06/18/2021,$32.8139,"8,835",$32.54,$33.1367,$32.54
06/17/2021,$32.7999,"2,540",$32.37,$32.85,$32.37
06/16/2021,$32.175,"3,426",$32.98,$33.18,$31.77
06/15/2021,$32.87,"1,325",$32.96,$32.96,$32.87
06/14/2021,$32.9583,"1,500",$33.7793,$33.7793,$32.9583
06/11/2021,$33.093,"3,693",$33.09,$33.7656,$33.09
06/10/2021,$33.4779,"1,302",$33.26,$33.4779,$33.24
06/09/2021,$33.4061,863,$33.247,$33.415,$33.24
06/08/2021,$33.23,"1,011",$33.37,$33.37,$33.23
06/07/2021,$33.3715,"9,170",$33.20,$33.635,$33.20
06/04/2021,$33.145,715,$33.145,$33.145,$33.145
06/03/2021,$33.0825,"5,158",$33.725,$33.725,$33.00
06/02/2021,$33.9446,"1,511",$33.5687,$33.9446,$33.37
06/01/2021,$33.52,783,$33.70,$33.70,$33.52
05/28/2021,$33.84,"2,226",$33.38,$33.84,$33.38
05/27/2021,$33.38,N/A,$33.38,$33.38,$33.38
05/26/2021,$33.38,500,$33.12,$33.38,$33.12
05/25/2021,$33.21,"3,745",$33.475,$33.82,$33.21
05/24/2021,$33.17,"4,800",$33.13,$33.76,$33.06
05/21/2021,$33.19,"1,800",$33.62,$33.85,$33.19
05/20/2021,$33.2372,"4,011",$33.13,$33.322,$33.01
05/19/2021,$33.34,"2,823",$33.45,$33.86,$33.12
05/18/2021,$33.5175,"2,045",$33.1699,$33.5175,$33.1591
05/17/2021,$33.25,N/A,$33.25,$33.25,$33.25
05/14/2021,$33.25,"6,588",$32.74,$33.55,$32.59
05/13/2021,$32.96,"5,972",$32.5862,$33.50,$32.5862
05/12/2021,$32.47,"2,472",$32.49,$32.75,$32.30
05/11/2021,$32.88,"5,934",$31.93,$32.88,$31.93
05/10/2021,$32.34,"2,585",$32.35,$32.35,$32.2069
05/07/2021,$32.36,"4,496",$32.24,$32.36,$32.178
05/06/2021,$32.05,807,$32.00,$32.18,$32.00
05/05/2021,$32.00,"4,717",$32.21,$32.21,$31.50
05/04/2021,$32.0749,"7,976",$32.42,$32.49,$31.90
05/03/2021,$32.2234,"7,104",$32.16,$32.54,$31.89
04/30/2021,$32.59,"2,208",$32.312,$32.59,$31.92
04/29/2021,$32.56,928,$32.56,$32.56,$32.56
04/28/2021,$32.20,"2,198",$32.28,$32.63,$31.89
04/27/2021,$31.60,"5,603",$32.35,$32.5422,$31.60
04/26/2021,$32.28,"4,472",$33.08,$33.0801,$32.28
04/23/2021,$33.576,"1,062",$33.84,$33.84,$33.132
04/22/2021,$33.01,"4,388",$32.95,$33.95,$32.33
04/21/2021,$32.9058,"2,000",$32.95,$32.95,$32.9058
04/20/2021,$32.0462,"7,452",$32.91,$33.0499,$31.96
04/19/2021,$32.45,900,$32.7803,$32.7803,$32.45
04/16/2021,$32.6821,N/A,$32.6821,$32.6821,$32.6821
04/15/2021,$32.6821,293,$32.6821,$32.6821,$32.6821
04/14/2021,$32.9747,N/A,$32.9747,$32.9747,$32.9747
04/13/2021,$32.9747,230,$32.9747,$32.9747,$32.9747
04/12/2021,$32.87,N/A,$32.87,$32.87,$32.87
04/09/2021,$32.87,"1,292",$32.525,$32.87,$32.4515
04/08/2021,$32.4794,"1,000",$32.34,$32.48,$32.34
04/07/2021,$32.20,"1,011",$32.55,$32.5946,$32.20
04/06/2021,$32.2359,"1,900",$32.22,$32.40,$32.22
04/05/2021,$31.95,"6,850",$32.26,$32.3695,$31.00
04/01/2021,$32.25,"4,566",$32.25,$32.25,$32.145
03/31/2021,$32.365,"1,769",$31.94,$32.5582,$31.66
03/30/2021,$32.72,310,$32.72,$32.72,$32.72
03/29/2021,$32.8281,N/A,$32.8281,$32.8281,$32.8281
03/26/2021,$32.8281,700,$32.483,$32.8281,$32.483
03/25/2021,$31.54,N/A,$31.54,$31.54,$31.54
03/24/2021,$31.54,913,$33.10,$33.10,$31.54
03/23/2021,$33.60,N/A,$33.60,$33.60,$33.60
03/22/2021,$33.60,N/A,$33.60,$33.60,$33.60
03/19/2021,$33.60,N/A,$33.60,$33.60,$33.60
03/18/2021,$33.60,"1,060",$33.58,$33.60,$33.58
03/17/2021,$32.9029,617,$33.47,$33.47,$32.9029
03/16/2021,$33.00,N/A,$33.00,$33.00,$33.00
03/15/2021,$33.00,954,$33.05,$33.05,$33.00
03/12/2021,$33.00,N/A,$33.00,$33.00,$33.00
03/11/2021,$33.00,"1,069",$33.00,$33.045,$33.00
03/10/2021,$33.27,926,$33.25,$33.27,$33.25
03/09/2021,$33.46,N/A,$33.46,$33.46,$33.46
03/08/2021,$33.46,240,$33.46,$33.46,$33.46
03/05/2021,$32.30,N/A,$32.30,$32.30,$32.30
03/04/2021,$32.30,339,$32.25,$32.30,$32.25
03/03/2021,$32.14,"1,741",$31.3467,$32.50,$31.3467
03/02/2021,$32.92,100,$32.92,$32.92,$32.92
03/01/2021,$32.778,459,$32.55,$32.778,$32.55
02/26/2021,$32.7419,"2,048",$32.41,$32.7419,$32.36
02/25/2021,$33.48,400,$33.46,$33.48,$33.46
02/24/2021,$32.5728,996,$32.69,$32.69,$32.5728
02/23/2021,$32.70,"1,693",$32.65,$32.89,$32.65
02/22/2021,$32.8915,333,$32.75,$32.8915,$32.75
02/19/2021,$32.65,N/A,$32.65,$32.65,$32.65
02/18/2021,$32.65,N/A,$32.65,$32.65,$32.65
02/17/2021,$32.65,"3,300",$33.122,$33.49,$32.65
02/16/2021,$32.83,187,$32.83,$32.83,$32.83
02/12/2021,$32.9081,"1,575",$32.9081,$32.9081,$32.9081
02/11/2021,$33.00,460,$33.00,$33.00,$33.00
02/10/2021,$32.75,N/A,$32.75,$32.75,$32.75
02/09/2021,$32.75,336,$32.75,$32.75,$32.75
02/08/2021,$32.865,N/A,$32.865,$32.865,$32.865
02/05/2021,$32.865,N/A,$32.865,$32.865,$32.865
02/04/2021,$32.865,"1,112",$32.40,$32.865,$32.40
02/03/2021,$32.39,964,$32.925,$32.925,$32.39
02/02/2021,$32.3178,166,$32.3178,$32.3178,$32.3178
02/01/2021,$32.895,775,$33.38,$33.38,$32.73
01/29/2021,$32.76,374,$32.76,$32.76,$32.7317
01/28/2021,$32.8446,768,$33.55,$33.65,$32.77
01/27/2021,$32.61,678,$33.15,$33.15,$32.61
01/26/2021,$33.29,935,$32.73,$33.29,$32.73
01/25/2021,$32.73,"1,696",$33.04,$33.1595,$32.73
01/22/2021,$32.985,356,$32.60,$32.985,$32.60
01/21/2021,$32.54,"1,249",$32.44,$32.6798,$32.40
01/20/2021,$32.554,408,$32.44,$32.554,$32.44
01/19/2021,$32.4431,"1,250",$32.34,$32.4431,$31.97
01/15/2021,$32.55,"3,616",$31.75,$32.96,$31.75
01/14/2021,$31.76,"2,401",$31.75,$31.8135,$31.75
01/13/2021,$31.72,"9,415",$31.71,$32.10,$31.71
01/12/2021,$31.7467,"5,319",$31.26,$31.77,$31.10
01/11/2021,$31.80,"3,045",$31.71,$31.8044,$31.64
01/08/2021,$31.7549,"3,277",$31.14,$31.8995,$31.14
01/07/2021,$30.31,"2,272",$31.76,$31.76,$30.23
01/06/2021,$32.4001,"3,238",$32.50,$32.79,$32.4001
01/05/2021,$32.6679,582,$32.41,$32.6679,$32.41
01/04/2021,$32.445,"4,871",$33.22,$33.26,$32.3224
12/31/2020,$33.22,"1,575",$33.64,$33.64,$33.22
12/30/2020,$33.75,229,$33.75,$33.75,$33.75
12/29/2020,$34.4432,975,$34.26,$34.47,$34.25
12/28/2020,$34.50,"5,593",$34.45,$35.215,$34.40
12/24/2020,$34.1697,700,$34.12,$34.1982,$34.12
12/23/2020,$34.00,"2,566",$33.96,$34.44,$33.96
12/22/2020,$33.9903,"1,250",$34.00,$34.00,$33.76
12/21/2020,$34.00,308,$33.92,$34.00,$33.92
12/18/2020,$34.2881,N/A,$34.2881,$34.2881,$34.2881
12/17/2020,$34.2881,151,$34.2881,$34.2881,$34.2881
12/16/2020,$34.343,"1,050",$34.298,$34.343,$34.25
12/15/2020,$33.70,"1,613",$33.91,$33.9257,$32.95
12/14/2020,$34.00,"1,289",$33.91,$34.00,$32.95
12/11/2020,$34.00,"2,600",$34.31,$34.31,$33.8556
12/10/2020,$34.15,"2,822",$34.25,$34.55,$34.00
12/09/2020,$34.355,373,$34.45,$34.45,$34.355
12/08/2020,$34.4499,273,$34.4499,$34.4499,$34.4499
12/07/2020,$34.493,"2,627",$33.91,$34.50,$33.91
12/04/2020,$33.9053,403,$34.05,$34.05,$33.9053
12/03/2020,$33.5501,526,$33.55,$33.5501,$33.55
12/02/2020,$33.8542,"1,080",$33.5067,$33.8542,$33.175
12/01/2020,$33.60,"3,785",$34.00,$34.00,$33.34
11/30/2020,$34.00,971,$34.05,$34.10,$34.00
11/27/2020,$34.17,175,$34.17,$34.17,$34.17
11/25/2020,$33.90,125,$33.90,$33.90,$33.90
11/24/2020,$34.1877,"1,516",$34.25,$34.25,$33.97
11/23/2020,$34.15,700,$34.05,$34.15,$34.05
11/20/2020,$33.9711,"1,309",$34.00,$34.155,$33.90
11/19/2020,$34.0001,"2,045",$34.0785,$34.1666,$34.00
11/18/2020,$34.30,"1,351",$34.28,$34.30,$34.2375
11/17/2020,$34.30,"1,033",$34.25,$34.3001,$33.51
11/16/2020,$34.1899,"5,176",$33.45,$34.1925,$33.3612
11/13/2020,$33.34,"3,775",$32.99,$33.34,$32.99
11/12/2020,$33.0221,"2,864",$33.01,$33.2199,$32.78
11/11/2020,$33.03,"1,457",$33.12,$33.1601,$32.88
11/10/2020,$33.202,N/A,$33.202,$33.202,$33.202
11/09/2020,$33.202,"2,079",$33.45,$33.45,$32.915
11/06/2020,$33.24,"1,449",$33.12,$33.24,$33.12
11/05/2020,$33.09,715,$33.00,$33.09,$33.00
11/04/2020,$33.11,950,$33.00,$33.11,$33.00
11/03/2020,$33.0347,"1,452",$32.9534,$33.07,$32.9534
11/02/2020,$33.0443,"2,187",$33.07,$33.11,$32.92
10/30/2020,$33.07,390,$33.038,$33.07,$32.92
10/29/2020,$32.9502,"1,100",$32.9503,$32.9503,$32.65
10/28/2020,$33.0623,"3,848",$33.10,$33.2465,$32.61
10/27/2020,$33.15,"1,954",$33.06,$33.22,$32.61
10/26/2020,$33.4555,701,$33.40,$33.4555,$33.40
10/23/2020,$33.60,786,$33.31,$33.60,$33.31
10/22/2020,$33.45,"4,600",$33.44,$33.45,$33.25
10/21/2020,$32.95,"1,755",$33.10,$33.10,$32.93
10/20/2020,$32.735,"2,863",$32.90,$32.9658,$32.50
10/19/2020,$33.0005,"1,650",$33.00,$33.0005,$33.00
10/16/2020,$32.75,"1,800",$33.25,$33.3977,$32.23
10/15/2020,$33.35,110,$33.35,$33.35,$33.35
10/14/2020,$33.425,600,$33.25,$33.425,$33.25
10/13/2020,$32.9877,687,$33.17,$33.17,$32.9877
10/12/2020,$32.87,"3,531",$32.83,$33.39,$32.75
10/09/2020,$33.375,800,$33.8329,$33.8329,$33.02
10/08/2020,$33.77,575,$33.75,$33.80,$33.75
10/07/2020,$33.76,400,$33.76,$33.76,$33.76
10/06/2020,$33.8299,"1,287",$33.8102,$33.8999,$33.72
10/05/2020,$33.76,"1,157",$33.80,$33.80,$33.68
10/02/2020,$33.83,697,$33.66,$33.83,$33.66
10/01/2020,$33.8124,390,$33.86,$33.86,$33.68
09/30/2020,$33.80,650,$33.80,$33.80,$33.7696
09/29/2020,$33.70,600,$33.83,$33.83,$33.70
09/28/2020,$33.8685,735,$33.89,$33.9067,$33.82
09/25/2020,$33.90,229,$33.9199,$33.9199,$33.90
09/24/2020,$33.80,200,$33.835,$33.835,$33.80
09/23/2020,$33.854,N/A,$33.854,$33.854,$33.854
09/22/2020,$33.854,284,$33.854,$33.854,$33.854
09/21/2020,$33.95,167,$33.95,$33.95,$33.95
09/18/2020,$33.9499,"1,112",$33.80,$33.95,$33.80
09/17/2020,$33.80,306,$33.78,$33.80,$33.78
09/16/2020,$33.77,686,$33.76,$33.77,$33.76
09/15/2020,$33.7599,"2,100",$33.74,$33.7599,$33.55
09/14/2020,$33.74,"1,430",$33.56,$33.74,$33.55
09/11/2020,$33.3993,N/A,$33.3993,$33.3993,$33.3993
09/10/2020,$33.3993,N/A,$33.3993,$33.3993,$33.3993
09/09/2020,$33.3993,"3,891",$33.41,$33.70,$33.3944
09/08/2020,$33.45,N/A,$33.45,$33.45,$33.45
09/04/2020,$33.45,300,$33.45,$33.45,$33.45
09/03/2020,$33.33,"2,029",$33.35,$33.59,$33.33
09/02/2020,$33.1219,"1,295",$33.4707,$33.60,$33.1219
09/01/2020,$33.2212,"1,585",$33.60,$33.60,$33.2212
08/31/2020,$33.4998,"1,080",$33.125,$33.4998,$33.1097
08/28/2020,$33.305,"2,802",$33.19,$33.74,$33.16
08/27/2020,$32.985,"3,075",$32.84,$33.15,$32.81
08/26/2020,$33.0404,"2,459",$32.75,$33.0404,$32.505
08/25/2020,$32.8998,"1,800",$32.90,$32.90,$32.78
08/24/2020,$32.6084,"1,378",$32.90,$32.90,$32.60
08/21/2020,$32.85,189,$32.85,$32.85,$32.85
08/20/2020,$32.9699,600,$32.885,$32.97,$32.80
08/19/2020,$32.80,450,$32.62,$32.80,$32.62
08/18/2020,$32.04,431,$32.07,$32.07,$32.04
08/17/2020,$33.20,"1,118",$33.10,$33.20,$32.77
08/14/2020,$33.06,"1,007",$32.74,$33.06,$32.74
08/13/2020,$33.098,"1,018",$33.10,$33.10,$32.7301
08/12/2020,$32.90,450,$32.90,$32.90,$32.90
08/11/2020,$32.65,"3,687",$32.71,$32.71,$32.45
08/10/2020,$32.725,"2,047",$32.80,$32.85,$32.725
08/07/2020,$32.80,825,$32.6958,$32.80,$32.6958
08/06/2020,$32.60,393,$32.79,$32.79,$32.60
08/05/2020,$32.65,"1,778",$32.266,$32.65,$32.097
08/04/2020,$32.65,N/A,$32.65,$32.65,$32.65
08/03/2020,$32.65,600,$32.63,$32.65,$32.60
07/31/2020,$32.50,"1,500",$32.48,$32.50,$32.48
07/30/2020,$32.40,892,$32.37,$32.40,$32.36
07/29/2020,$32.01,"1,153",$32.08,$32.35,$32.01
07/28/2020,$32.45,213,$32.45,$32.45,$32.45
07/27/2020,$32.2128,"3,738",$32.10,$33.00,$32.10
07/24/2020,$31.975,"3,219",$31.65,$32.10,$31.65
07/23/2020,$32.09,"1,403",$31.95,$32.09,$31.80
07/22/2020,$31.95,"6,218",$31.60,$31.95,$31.51
07/21/2020,$31.55,"8,812",$31.53,$31.9094,$31.1072
07/20/2020,$31.252,"4,267",$31.65,$31.65,$31.20
07/17/2020,$31.65,"3,755",$31.70,$31.80,$31.65
07/16/2020,$31.6402,670,$31.8277,$31.8277,$31.6402
07/15/2020,$31.77,135,$31.77,$31.77,$31.77
07/14/2020,$31.5373,N/A,$31.5373,$31.5373,$31.5373
07/13/2020,$31.5373,"1,210",$31.69,$31.69,$31.5373
07/10/2020,$31.6229,"2,832",$31.75,$31.75,$31.6229
07/09/2020,$32.00,350,$32.00,$32.00,$32.00
07/08/2020,$32.05,605,$32.05,$32.05,$32.05
07/07/2020,$32.03,198,$32.03,$32.03,$32.03
07/06/2020,$32.00,225,$32.00,$32.00,$32.00
07/02/2020,$31.855,"1,379",$32.05,$32.05,$31.66
07/01/2020,$32.14,"3,145",$31.65,$32.14,$31.52
06/30/2020,$31.98,"2,143",$31.52,$31.98,$31.44
06/29/2020,$31.47,"3,141",$31.515,$32.1048,$31.44
06/26/2020,$32.80,522,$32.95,$32.95,$32.80
06/25/2020,$32.8669,"1,868",$32.55,$33.03,$32.55
06/24/2020,$32.03,625,$32.716,$32.716,$32.03
06/23/2020,$32.6007,"6,055",$32.32,$33.10,$32.32
06/22/2020,$32.4092,720,$32.54,$32.54,$32.4092
06/19/2020,$32.60,200,$32.60,$32.60,$32.60
06/18/2020,$32.60,"1,095",$32.439,$32.60,$31.88
06/17/2020,$31.97,"3,509",$31.501,$31.97,$31.501
06/16/2020,$31.30,376,$31.60,$31.60,$31.30
06/15/2020,$31.80,"1,267",$31.43,$31.80,$31.40
06/12/2020,$31.85,"1,158",$31.30,$32.15,$31.30
06/11/2020,$30.8538,"5,250",$32.15,$32.39,$30.75
06/10/2020,$32.60,"2,907",$32.30,$32.60,$31.55
06/09/2020,$32.3001,"2,825",$32.78,$32.78,$31.15
06/08/2020,$32.1502,"6,650",$31.555,$32.59,$31.555
06/05/2020,$31.36,"5,274",$31.0495,$31.36,$30.81
06/04/2020,$31.3299,837,$31.20,$31.33,$31.19
06/03/2020,$31.18,"3,680",$31.07,$31.18,$31.07
06/02/2020,$31.07,"4,210",$30.69,$31.33,$30.69
06/01/2020,$31.0095,618,$30.9993,$31.0095,$30.90
05/29/2020,$30.95,"1,368",$30.85,$30.95,$30.85
05/28/2020,$30.79,"1,446",$30.75,$30.85,$30.47
05/27/2020,$30.50,"4,253",$30.08,$31.33,$30.08
05/26/2020,$30.54,"1,570",$30.94,$30.94,$30.3507
05/22/2020,$30.7505,101,$30.7505,$30.7505,$30.7505
05/21/2020,$30.64,260,$30.64,$30.64,$30.64
05/20/2020,$30.40,"1,243",$30.32,$30.40,$30.32
05/19/2020,$30.576,"2,490",$30.50,$30.70,$30.438
05/18/2020,$30.25,N/A,$30.25,$30.25,$30.25
05/15/2020,$30.25,459,$30.12,$30.30,$30.12
05/14/2020,$29.80,"2,127",$30.10,$30.1913,$29.57
05/13/2020,$30.3249,408,$30.20,$30.3249,$30.20
05/12/2020,$30.379,900,$30.4598,$30.4598,$30.379
05/11/2020,$30.303,"1,000",$30.296,$30.424,$30.296
05/08/2020,$30.00,670,$30.30,$30.30,$30.00
05/07/2020,$30.387,672,$30.02,$30.387,$29.99
05/06/2020,$30.35,"2,025",$30.35,$30.75,$30.2989
05/05/2020,$30.2921,635,$30.63,$30.63,$30.29
05/04/2020,$29.99,980,$29.99,$30.99,$29.99
05/01/2020,$30.49,201,$30.49,$30.49,$30.49
04/30/2020,$30.51,"3,405",$29.875,$30.67,$29.8414
04/29/2020,$29.80,"5,754",$29.8482,$29.9692,$29.75
04/28/2020,$30.00,920,$30.09,$30.09,$29.98
04/27/2020,$29.8498,"1,564",$29.82,$29.90,$29.70
04/24/2020,$29.649,625,$29.51,$29.6575,$29.51
04/23/2020,$29.65,500,$29.5467,$29.65,$29.5467
04/22/2020,$29.62,"1,515",$29.25,$29.62,$29.25
04/21/2020,$29.705,870,$29.29,$29.705,$29.29
04/20/2020,$29.4255,"2,553",$29.9925,$29.9925,$29.24
04/17/2020,$30.00,"1,955",$29.85,$30.00,$29.7522
04/16/2020,$29.85,"3,275",$29.49,$29.85,$29.0419
04/15/2020,$29.201,"2,212",$29.19,$29.3601,$28.8958
04/14/2020,$29.8136,"2,125",$29.1256,$29.8136,$29.055
04/13/2020,$28.71,"1,764",$29.45,$29.45,$28.71
04/09/2020,$28.8469,960,$29.70,$29.70,$28.51
04/08/2020,$29.653,586,$28.51,$29.6919,$28.51
04/07/2020,$28.90,285,$28.00,$28.90,$28.00
04/06/2020,$28.00,"3,980",$27.90,$28.00,$27.80
04/03/2020,$27.90,"1,100",$28.41,$28.41,$27.90
04/02/2020,$28.4641,"1,407",$28.30,$28.4641,$28.30
04/01/2020,$28.22,510,$28.25,$28.50,$28.22
03/31/2020,$28.64,331,$28.80,$28.80,$28.64
03/30/2020,$28.1397,"1,270",$28.00,$28.1397,$28.00
03/27/2020,$29.00,"2,363",$27.80,$29.00,$27.53
03/26/2020,$28.857,"1,705",$28.53,$29.00,$28.53
03/25/2020,$28.00,"5,289",$27.9999,$28.00,$27.2552
03/24/2020,$26.87,"2,516",$27.01,$28.0571,$26.87
03/23/2020,$26.8244,"2,500",$26.00,$27.066,$26.00
03/20/2020,$26.1401,"4,758",$27.50,$28.315,$26.01
03/19/2020,$27.4272,"6,088",$26.23,$27.4272,$25.75
03/18/2020,$26.01,"5,865",$29.6511,$29.6511,$25.23
03/17/2020,$29.55,"5,844",$29.10,$30.10,$29.10
03/16/2020,$30.10,"4,731",$30.20,$30.20,$28.90
03/13/2020,$30.31,"3,438",$30.29,$30.7016,$30.29
03/12/2020,$30.25,"3,671",$31.32,$31.32,$29.60
03/11/2020,$31.80,597,$31.575,$31.80,$31.575
03/10/2020,$31.50,725,$31.00,$31.60,$31.00
03/09/2020,$31.65,"3,381",$31.55,$31.65,$31.50
03/06/2020,$31.813,"1,385",$31.8247,$31.90,$31.8023
03/05/2020,$31.70,310,$31.70,$31.70,$31.70
03/04/2020,$31.9278,"1,665",$31.90,$31.9278,$31.7952
03/03/2020,$31.9283,"1,695",$32.05,$32.05,$31.7025
03/02/2020,$31.2053,"2,269",$31.11,$31.7967,$31.05
02/28/2020,$31.05,"3,706",$32.0662,$32.15,$30.50
02/27/2020,$31.9058,612,$32.17,$32.17,$31.9058
02/26/2020,$31.6486,"5,096",$32.126,$32.126,$31.40
02/25/2020,$32.15,"3,828",$32.25,$32.3066,$32.1375
02/24/2020,$32.25,"1,959",$32.12,$32.43,$32.12
02/21/2020,$32.15,"1,607",$32.24,$32.24,$32.07
02/20/2020,$32.00,"1,529",$32.21,$32.375,$31.98
02/19/2020,$32.28,"4,605",$32.10,$32.30,$32.00
02/18/2020,$32.1368,"4,391",$32.38,$32.38,$32.105
02/14/2020,$32.22,833,$32.71,$32.71,$32.22
02/13/2020,$32.21,400,$32.71,$32.71,$32.20
02/12/2020,$32.20,"1,018",$32.20,$32.20,$32.1905
02/11/2020,$32.4933,"1,801",$32.10,$32.4933,$32.073
02/10/2020,$32.0899,"4,245",$32.07,$32.2318,$32.01
02/07/2020,$32.002,"2,153",$32.28,$32.28,$32.002
02/06/2020,$32.40,"3,211",$32.15,$32.40,$31.99
02/05/2020,$32.24,"5,194",$32.41,$32.425,$32.07
02/04/2020,$32.6641,"5,857",$32.58,$32.6641,$32.08
02/03/2020,$32.08,"7,530",$32.26,$32.68,$32.08
01/31/2020,$32.08,"1,967",$31.98,$32.0843,$31.98
01/30/2020,$32.075,"5,283",$32.18,$32.58,$31.65
01/29/2020,$32.20,"6,590",$31.58,$32.3489,$31.58
01/28/2020,$32.00,"3,505",$32.55,$32.55,$31.97
01/27/2020,$32.1925,702,$32.11,$32.372,$32.11
01/24/2020,$32.0785,"2,055",$32.2333,$32.2333,$32.00
01/23/2020,$32.07,"7,149",$31.93,$32.10,$31.90
01/22/2020,$31.8939,"3,593",$31.61,$31.95,$31.61
01/21/2020,$31.89,"3,524",$31.56,$31.89,$31.56
01/17/2020,$31.6402,"1,529",$31.56,$31.82,$31.56
01/16/2020,$31.763,"3,924",$31.85,$31.85,$31.54
01/15/2020,$31.72,"5,816",$31.71,$31.85,$31.54
01/14/2020,$31.6568,"5,309",$31.5391,$31.7196,$31.5391
01/13/2020,$31.5357,"3,775",$31.60,$31.60,$31.495
01/10/2020,$31.5115,"3,753",$31.55,$31.55,$31.28
01/09/2020,$31.3819,"1,969",$31.56,$31.56,$31.3819
01/08/2020,$31.50,177,$31.50,$31.50,$31.50
01/07/2020,$31.6866,"3,393",$31.31,$31.6866,$31.20
01/06/2020,$31.4442,"1,495",$31.41,$31.6565,$31.41
01/03/2020,$31.3565,"3,845",$32.00,$32.00,$31.24
01/02/2020,$31.8914,"3,150",$31.85,$32.00,$31.751
12/31/2019,$31.8297,"2,450",$31.50,$31.86,$31.4393
12/30/2019,$32.0238,720,$31.4347,$32.14,$31.20
12/27/2019,$32.68,"4,851",$32.60,$32.68,$32.39
12/26/2019,$32.2279,930,$32.59,$32.59,$32.225
12/24/2019,$32.2512,441,$32.2072,$32.2512,$32.2072
12/23/2019,$32.06,"3,404",$32.11,$32.14,$32.05
12/20/2019,$32.07,"5,124",$32.206,$32.40,$32.03
12/19/2019,$31.91,"1,977",$32.00,$32.105,$31.79
12/18/2019,$32.01,"7,008",$32.18,$32.1949,$32.00
12/17/2019,$32.35,"4,119",$32.10,$32.6267,$32.09
12/16/2019,$32.2523,"5,385",$32.33,$32.33,$32.02
12/13/2019,$32.05,"2,717",$32.05,$32.05,$32.0392
12/12/2019,$32.08,"2,720",$32.21,$32.21,$32.08
12/11/2019,$32.16,"5,043",$32.50,$32.50,$32.10
12/10/2019,$32.355,"3,830",$32.70,$32.70,$32.355
12/09/2019,$32.21,793,$32.21,$32.46,$32.21
12/06/2019,$32.35,620,$32.21,$32.35,$32.21
12/05/2019,$32.4642,812,$32.46,$32.5248,$32.40
12/04/2019,$32.5629,700,$32.46,$32.5629,$32.46
12/03/2019,$32.514,800,$32.46,$32.514,$32.46
12/02/2019,$32.5763,"2,030",$32.5867,$32.5867,$32.46
11/29/2019,$32.679,N/A,$32.679,$32.679,$32.679
11/27/2019,$32.679,826,$32.6658,$32.6877,$32.6658
11/26/2019,$32.6625,"1,057",$32.60,$32.69,$32.50
11/25/2019,$32.591,N/A,$32.591,$32.591,$32.591
11/22/2019,$32.591,"2,701",$32.70,$32.70,$32.49
11/21/2019,$32.5252,542,$32.47,$32.5252,$32.47
11/20/2019,$32.46,377,$32.46,$32.46,$32.4556
11/19/2019,$32.45,"7,359",$32.46,$32.46,$32.25
11/18/2019,$32.43,"4,312",$32.432,$32.432,$32.43
11/15/2019,$32.6108,612,$32.294,$32.6108,$32.294
11/14/2019,$32.80,100,$32.80,$32.80,$32.80
11/13/2019,$32.6067,N/A,$32.6067,$32.6067,$32.6067
11/12/2019,$32.6067,"2,638",$32.30,$32.6227,$32.30
11/11/2019,$32.2645,"1,113",$32.29,$32.30,$32.2645
11/08/2019,$32.3438,"2,087",$32.25,$32.3881,$32.25
11/07/2019,$32.55,454,$32.5918,$32.5918,$32.55
11/06/2019,$32.99,231,$32.99,$32.99,$32.99
11/05/2019,$32.6789,300,$32.27,$32.6789,$32.27
11/04/2019,$32.99,304,$32.99,$32.99,$32.99
11/01/2019,$32.6946,717,$32.4348,$32.8348,$32.4348
10/31/2019,$32.748,"1,847",$32.50,$32.77,$32.50
10/30/2019,$32.41,"1,200",$32.2851,$32.41,$32.2851
10/29/2019,$32.1136,"2,543",$32.38,$32.40,$32.1136
10/28/2019,$32.40,"2,725",$32.20,$32.448,$32.20
10/25/2019,$32.40,"1,788",$32.38,$32.40,$32.04
10/24/2019,$32.35,"1,603",$32.3315,$32.35,$32.2498
10/23/2019,$32.384,517,$32.30,$32.384,$32.30
10/22/2019,$32.39,"1,175",$32.32,$32.40,$32.30
10/21/2019,$32.2651,193,$32.2651,$32.2651,$32.2651
10/18/2019,$32.2576,"1,103",$32.35,$32.35,$32.2576
10/17/2019,$32.40,125,$32.40,$32.40,$32.40
10/16/2019,$32.103,"7,082",$32.3094,$32.50,$32.103
10/15/2019,$32.0575,N/A,$32.0575,$32.0575,$32.0575
10/14/2019,$32.0575,N/A,$32.0575,$32.0575,$32.0575
10/11/2019,$32.0575,311,$31.90,$32.0575,$31.90
10/10/2019,$32.04,"2,396",$32.35,$32.35,$32.01
10/09/2019,$31.90,"1,543",$31.9932,$31.9932,$31.90
10/08/2019,$32.35,"3,345",$31.40,$32.35,$31.40
10/07/2019,$31.26,"11,341",$32.00,$32.1994,$30.4752
10/04/2019,$32.1181,761,$32.20,$32.20,$32.05
10/03/2019,$32.1637,"1,559",$32.218,$32.37,$32.155
10/02/2019,$32.106,"1,278",$32.01,$32.1916,$31.98
10/01/2019,$32.1649,404,$31.8164,$32.1649,$31.8164
09/30/2019,$31.9852,"1,100",$31.95,$31.9852,$31.56
09/27/2019,$32.01,"1,107",$32.00,$32.01,$32.00
09/26/2019,$31.8561,751,$31.9489,$32.0565,$31.8561
09/25/2019,$32.10,493,$32.10,$32.10,$32.10
09/24/2019,$32.0897,888,$32.10,$32.11,$32.0897
09/23/2019,$32.0857,N/A,$32.0857,$32.0857,$32.0857
09/20/2019,$32.0857,468,$32.0857,$32.0857,$32.0857
09/19/2019,$32.081,N/A,$32.081,$32.081,$32.081
09/18/2019,$32.081,N/A,$32.081,$32.081,$32.081
09/17/2019,$32.081,"1,032",$32.00,$32.081,$32.00
09/16/2019,$32.0109,525,$32.01,$32.0109,$32.00
09/13/2019,$32.00,"1,257",$32.28,$32.28,$32.00
09/12/2019,$32.2351,"1,158",$32.02,$32.2351,$32.02
09/11/2019,$32.111,N/A,$32.111,$32.111,$32.111
09/10/2019,$32.111,905,$32.111,$32.111,$32.111
09/09/2019,$32.03,200,$32.03,$32.03,$32.03
09/06/2019,$31.98,"1,849",$32.15,$32.241,$31.98
09/05/2019,$32.064,"6,283",$32.18,$32.37,$32.00
09/04/2019,$32.18,200,$32.18,$32.18,$32.18
09/03/2019,$32.1811,300,$32.3085,$32.3085,$32.1811
08/30/2019,$32.20,N/A,$32.20,$32.20,$32.20
08/29/2019,$32.20,645,$32.2988,$32.2988,$32.10
08/28/2019,$32.3966,N/A,$32.3966,$32.3966,$32.3966
08/27/2019,$32.3966,175,$32.3966,$32.3966,$32.3966
08/26/2019,$32.05,"1,362",$31.98,$32.07,$31.98
08/23/2019,$32.0761,"1,269",$32.274,$32.274,$32.00
08/22/2019,$32.0391,630,$32.0093,$32.0391,$32.0093
08/21/2019,$32.117,"1,315",$32.15,$32.2263,$32.03
08/20/2019,$32.20,N/A,$32.20,$32.20,$32.20
08/19/2019,$32.20,"1,392",$32.00,$32.2033,$32.00
08/16/2019,$31.60,"2,325",$32.27,$32.35,$31.60
08/15/2019,$32.21,"1,795",$32.36,$32.36,$32.16
08/14/2019,$32.26,"1,200",$32.90,$32.90,$32.1955
08/13/2019,$32.90,"1,120",$32.69,$32.90,$32.69
08/12/2019,$32.3927,N/A,$32.3927,$32.3927,$32.3927
08/09/2019,$32.3927,400,$32.8915,$32.8915,$32.3927
08/08/2019,$32.79,"1,170",$33.033,$33.033,$32.60
08/07/2019,$32.9415,N/A,$32.9415,$32.9415,$32.9415
08/06/2019,$32.9415,N/A,$32.9415,$32.9415,$32.9415
08/05/2019,$32.9415,725,$32.83,$32.9415,$32.333
08/02/2019,$32.33,"1,105",$32.276,$32.33,$32.276
08/01/2019,$32.1655,686,$32.1655,$32.1655,$32.1655
07/31/2019,$32.15,"2,607",$32.15,$32.33,$32.15
07/30/2019,$32.17,N/A,$32.17,$32.17,$32.17
07/29/2019,$32.17,N/A,$32.17,$32.17,$32.17
07/26/2019,$32.17,"1,867",$32.17,$32.17,$32.01
07/25/2019,$32.19,"3,119",$32.188,$32.19,$32.01
07/24/2019,$32.02,300,$32.02,$32.02,$32.02
07/23/2019,$32.01,N/A,$32.01,$32.01,$32.01
07/22/2019,$32.01,348,$32.01,$32.01,$32.01
07/19/2019,$32.072,452,$32.19,$32.19,$32.072
07/18/2019,$32.1487,"1,105",$32.0333,$32.1487,$32.01
07/17/2019,$31.942,"2,093",$31.8039,$31.99,$31.8039
07/16/2019,$32.19,"1,481",$32.18,$32.19,$32.0569
07/15/2019,$32.005,N/A,$32.005,$32.005,$32.005
07/12/2019,$32.005,550,$32.16,$32.16,$31.9635
07/11/2019,$32.1861,275,$32.1861,$32.1861,$32.1861
07/10/2019,$32.0453,175,$32.0453,$32.0453,$32.0453
07/09/2019,$31.9532,376,$31.9532,$31.9532,$31.9532
07/08/2019,$31.7841,263,$31.7841,$31.7841,$31.7841
07/05/2019,$31.8299,298,$31.8299,$31.8299,$31.8299
07/03/2019,$31.8172,"2,101",$31.96,$31.98,$31.8172
07/02/2019,$31.86,100,$31.86,$31.86,$31.86
07/01/2019,$31.9849,"1,974",$31.9307,$31.9849,$31.3797
06/28/2019,$31.26,"1,432",$32.00,$32.00,$31.26
06/27/2019,$32.0635,"3,571",$33.30,$33.30,$31.73
06/26/2019,$32.83,"4,903",$32.79,$32.85,$32.4349
06/25/2019,$32.3857,738,$32.80,$32.80,$32.3857
06/24/2019,$32.65,"1,223",$32.3925,$32.65,$32.3925
06/21/2019,$32.60,"1,270",$32.49,$32.60,$32.49
06/20/2019,$32.49,N/A,$32.49,$32.49,$32.49
06/19/2019,$32.49,"2,450",$32.337,$32.49,$32.337
06/18/2019,$32.12,915,$32.43,$32.43,$32.12
06/17/2019,$32.0777,"2,821",$31.90,$32.09,$31.90
06/14/2019,$32.00,N/A,$32.00,$32.00,$32.00
06/13/2019,$32.00,N/A,$32.00,$32.00,$32.00
06/12/2019,$32.00,N/A,$32.00,$32.00,$32.00
06/11/2019,$32.00,"1,240",$32.00,$32.00,$32.00
06/10/2019,$31.97,"2,299",$31.80,$31.9805,$31.80
06/07/2019,$31.6201,N/A,$31.6201,$31.6201,$31.6201
06/06/2019,$31.6201,"2,591",$31.979,$31.99,$31.6201
06/05/2019,$31.70,"1,271",$31.70,$31.70,$31.70
06/04/2019,$31.7717,618,$31.80,$31.80,$31.7717
06/03/2019,$31.8765,225,$31.95,$31.95,$31.8765
05/31/2019,$31.65,"3,200",$31.65,$31.65,$31.65
05/30/2019,$31.56,"3,407",$31.90,$31.98,$31.55
05/29/2019,$31.78,N/A,$31.78,$31.78,$31.78
05/28/2019,$31.78,"1,356",$31.6313,$31.836,$31.6313
05/24/2019,$31.80,"2,441",$31.80,$31.80,$31.80
05/23/2019,$31.98,811,$31.50,$31.98,$31.36
05/22/2019,$31.50,650,$31.50,$31.50,$31.50
05/21/2019,$31.5118,400,$31.5118,$31.5118,$31.5118
05/20/2019,$31.97,200,$31.97,$31.97,$31.97
05/17/2019,$31.98,436,$31.2725,$31.98,$31.2725
05/16/2019,$31.729,"1,880",$31.94,$31.98,$31.6372
05/15/2019,$31.74,400,$31.581,$31.74,$31.581
05/14/2019,$31.5656,100,$31.5656,$31.5656,$31.5656
05/13/2019,$31.73,N/A,$31.73,$31.73,$31.73
05/10/2019,$31.73,"1,861",$31.15,$31.73,$31.14
05/09/2019,$31.74,N/A,$31.74,$31.74,$31.74
05/08/2019,$31.74,311,$31.32,$31.74,$31.32
05/07/2019,$31.1401,"1,760",$31.23,$31.2871,$31.1401
05/06/2019,$31.499,N/A,$31.499,$31.499,$31.499
05/03/2019,$31.499,525,$31.115,$31.499,$31.115
05/02/2019,$31.61,N/A,$31.61,$31.61,$31.61
05/01/2019,$31.61,N/A,$31.61,$31.61,$31.61
04/30/2019,$31.61,250,$31.61,$31.61,$31.61
04/29/2019,$31.5899,"2,856",$31.51,$31.59,$31.45
04/26/2019,$31.51,533,$31.4967,$31.51,$31.4431
04/25/2019,$31.40,"1,458",$31.29,$31.40,$31.29
04/24/2019,$31.40,"1,171",$31.39,$31.4612,$31.39
04/23/2019,$31.01,139,$31.01,$31.01,$31.01
04/22/2019,$31.2025,340,$31.11,$31.2025,$31.11
04/18/2019,$31.38,"1,324",$31.50,$31.50,$31.38
04/17/2019,$31.50,875,$31.25,$31.50,$31.25
04/16/2019,$31.1895,"1,296",$31.0739,$31.1895,$31.00
04/15/2019,$31.15,N/A,$31.15,$31.15,$31.15
04/12/2019,$31.15,N/A,$31.15,$31.15,$31.15
04/11/2019,$31.15,545,$31.15,$31.15,$31.15
04/10/2019,$31.15,"1,279",$31.0053,$31.15,$31.0053
04/09/2019,$31.20,N/A,$31.20,$31.20,$31.20
04/08/2019,$31.20,250,$31.46,$31.46,$31.20
04/05/2019,$31.195,200,$31.195,$31.195,$31.195
04/04/2019,$31.45,N/A,$31.45,$31.45,$31.45
04/03/2019,$31.45,566,$31.26,$31.45,$31.26
04/02/2019,$31.001,100,$31.001,$31.001,$31.001
04/01/2019,$31.371,N/A,$31.371,$31.371,$31.371
03/29/2019,$31.371,"2,345",$31.3493,$31.53,$31.3493
03/28/2019,$31.50,413,$31.50,$31.50,$31.50
03/27/2019,$31.43,"1,733",$31.00,$31.45,$31.00
03/26/2019,$31.35,"2,028",$30.57,$31.77,$30.57
03/25/2019,$31.14,"2,172",$31.13,$31.14,$31.13
03/22/2019,$31.14,"1,225",$30.80,$31.14,$30.80
03/21/2019,$30.8286,"1,512",$30.51,$30.8286,$30.48
03/20/2019,$30.842,"1,344",$30.4328,$30.87,$30.4328
03/19/2019,$30.80,700,$30.80,$30.80,$30.80
03/18/2019,$30.79,"1,562",$30.79,$30.79,$30.1861
03/15/2019,$30.79,N/A,$30.79,$30.79,$30.79
03/14/2019,$30.79,842,$30.15,$30.79,$30.15
03/13/2019,$30.5475,"3,122",$30.55,$30.79,$30.5475
03/12/2019,$30.55,853,$30.18,$30.55,$30.18
03/11/2019,$30.78,"1,220",$30.307,$30.78,$30.1069
03/08/2019,$30.2176,N/A,$30.2176,$30.2176,$30.2176
03/07/2019,$30.2176,759,$30.45,$30.45,$30.2176
03/06/2019,$30.40,"2,020",$30.67,$30.67,$30.0247
03/05/2019,$29.8783,"1,138",$30.87,$30.87,$29.8701
03/04/2019,$30.3404,"1,675",$30.3937,$30.3937,$30.0975
03/01/2019,$30.40,"1,140",$30.04,$30.40,$30.04
02/28/2019,$29.984,443,$29.984,$29.984,$29.984
02/27/2019,$30.0935,N/A,$30.0935,$30.0935,$30.0935
02/26/2019,$30.0935,325,$30.0935,$30.0935,$30.0935
02/25/2019,$29.8082,918,$29.45,$29.8182,$29.45
02/22/2019,$29.8354,730,$29.8268,$29.87,$29.8268
02/21/2019,$29.42,"1,797",$29.8104,$29.8104,$29.4028
02/20/2019,$29.8624,"1,300",$29.86,$29.8624,$29.86
02/19/2019,$30.0253,300,$29.994,$30.0253,$29.90
02/15/2019,$30.115,"1,475",$30.161,$30.37,$29.965
02/14/2019,$29.95,200,$29.95,$29.95,$29.95
02/13/2019,$29.9506,"2,873",$30.15,$30.20,$29.8322
02/12/2019,$30.3554,"1,350",$30.03,$30.3554,$30.00
02/11/2019,$30.2194,"4,636",$30.00,$30.2194,$29.90
02/08/2019,$30.135,"6,246",$30.3653,$30.3653,$30.00
02/07/2019,$30.00,"3,200",$30.044,$30.05,$30.00
02/06/2019,$29.975,N/A,$29.975,$29.975,$29.975
02/05/2019,$29.975,"10,025",$30.10,$30.10,$29.9114
02/04/2019,$30.20,"1,127",$30.00,$30.37,$30.00
02/01/2019,$30.00,"2,832",$29.92,$30.0077,$29.91
01/31/2019,$29.9574,"1,875",$29.929,$29.9574,$29.70
01/30/2019,$29.86,"2,254",$30.10,$30.10,$29.86
01/29/2019,$30.00,"4,704",$30.20,$30.20,$29.99
01/28/2019,$30.69,"3,694",$29.80,$30.69,$29.80
01/25/2019,$29.75,"1,190",$29.6474,$29.75,$29.6474
01/24/2019,$29.775,"1,999",$29.785,$29.83,$29.5728
01/23/2019,$29.59,"2,472",$29.51,$29.9463,$29.51
01/22/2019,$29.50,210,$29.50,$29.50,$29.50
01/18/2019,$29.5111,325,$29.5327,$29.5327,$29.5111
01/17/2019,$29.60,"2,206",$29.3321,$29.60,$29.1446
01/16/2019,$29.1952,"4,736",$29.3499,$29.3499,$29.14
01/15/2019,$29.3569,547,$29.2336,$29.3569,$29.2336
01/14/2019,$29.5088,993,$29.3721,$29.5088,$29.254
01/11/2019,$29.50,640,$29.38,$29.50,$29.38
01/10/2019,$29.6043,"1,925",$29.21,$29.6043,$28.9478
01/09/2019,$29.3823,"2,373",$29.14,$29.3823,$29.10
01/08/2019,$29.1222,"2,994",$29.60,$29.61,$29.1219
01/07/2019,$28.82,"1,468",$29.40,$29.40,$28.82
01/04/2019,$29.6574,675,$29.40,$29.6574,$29.40
01/03/2019,$29.69,"1,156",$30.00,$30.00,$29.69
01/02/2019,$29.10,"2,491",$29.00,$29.2394,$29.00
12/31/2018,$28.9264,"2,974",$29.10,$29.1486,$28.0967
12/28/2018,$29.059,"4,883",$29.49,$29.49,$28.90
12/27/2018,$29.53,"3,536",$29.24,$29.58,$29.24
12/26/2018,$29.4994,"3,506",$29.313,$29.4994,$29.16
12/24/2018,$29.12,100,$29.12,$29.12,$29.12
12/21/2018,$29.2799,"3,882",$29.4272,$29.475,$29.16
12/20/2018,$29.57,"5,447",$29.63,$29.99,$29.0044
12/19/2018,$29.50,"8,116",$29.55,$29.55,$28.77
12/18/2018,$29.4874,"1,450",$29.40,$29.5171,$29.40
12/17/2018,$29.564,"5,765",$29.75,$29.993,$29.23
12/14/2018,$30.01,"1,573",$29.87,$30.01,$29.53
12/13/2018,$29.4644,N/A,$29.4644,$29.4644,$29.4644
12/12/2018,$29.4644,"2,200",$29.61,$29.64,$29.35
12/11/2018,$29.61,100,$29.61,$29.61,$29.61
12/10/2018,$29.60,550,$29.5753,$29.60,$29.5753
12/07/2018,$29.7103,200,$29.7103,$29.7103,$29.7103
12/06/2018,$29.50,"1,918",$29.35,$29.5365,$29.35
12/04/2018,$29.689,"1,659",$29.761,$29.761,$29.05
12/03/2018,$29.44,"1,000",$29.44,$29.44,$29.44
11/30/2018,$29.50,542,$29.60,$29.60,$29.50
11/29/2018,$29.59,263,$29.59,$29.59,$29.59
11/28/2018,$29.25,"3,756",$29.41,$29.50,$29.20
11/27/2018,$29.50,"2,134",$29.70,$29.70,$29.28
11/26/2018,$29.483,880,$29.40,$29.547,$29.33
11/23/2018,$29.3161,466,$29.56,$29.56,$29.3161
11/21/2018,$29.60,"7,701",$29.6306,$29.6308,$29.25
11/20/2018,$29.70,"1,300",$29.8412,$29.8412,$29.70
11/19/2018,$29.75,"2,147",$29.65,$29.78,$29.65
11/16/2018,$29.70,"1,100",$29.75,$29.75,$29.66
11/15/2018,$29.75,"2,005",$29.6844,$29.90,$29.6844
11/14/2018,$29.933,300,$29.871,$29.933,$29.87
11/13/2018,$29.9615,"1,254",$29.684,$29.9615,$29.684
11/12/2018,$30.0931,"5,047",$29.88,$30.0931,$29.8612
11/09/2018,$29.7608,"1,200",$29.5138,$29.7608,$29.5138
11/08/2018,$29.75,250,$29.75,$29.75,$29.75
11/07/2018,$29.5985,364,$29.50,$29.5985,$29.50
11/06/2018,$29.5222,279,$29.5222,$29.5222,$29.5222
11/05/2018,$29.55,N/A,$29.55,$29.55,$29.55
11/02/2018,$29.55,N/A,$29.55,$29.55,$29.55
11/01/2018,$29.55,"1,150",$29.995,$29.995,$29.55
10/31/2018,$29.43,N/A,$29.43,$29.43,$29.43
10/30/2018,$29.43,252,$29.43,$29.43,$29.43
10/29/2018,$29.43,"2,027",$29.3448,$29.4367,$29.3211
10/26/2018,$29.28,"1,373",$29.262,$29.29,$29.26
10/25/2018,$29.44,"1,350",$29.49,$29.49,$29.44
10/24/2018,$29.50,200,$29.50,$29.50,$29.50
10/23/2018,$29.48,N/A,$29.48,$29.48,$29.48
10/22/2018,$29.48,729,$29.498,$29.64,$29.47
10/19/2018,$29.60,N/A,$29.60,$29.60,$29.60
10/18/2018,$29.60,453,$29.4753,$29.60,$29.4753
10/17/2018,$29.57,"1,960",$29.6026,$29.61,$29.50
10/16/2018,$29.8121,"1,825",$29.75,$30.00,$29.75
10/15/2018,$29.7499,669,$29.75,$29.75,$29.68
10/12/2018,$29.6538,"1,925",$29.7499,$29.75,$29.6444
10/11/2018,$29.5745,340,$29.5745,$29.5745,$29.5745
10/10/2018,$29.73,"1,526",$29.74,$29.7718,$29.5023
10/09/2018,$29.81,"1,572",$29.85,$29.85,$29.81
10/08/2018,$29.95,588,$30.14,$30.14,$29.95
10/05/2018,$30.15,850,$30.15,$30.15,$30.15
10/04/2018,$30.00,"2,531",$30.16,$30.16,$29.9303
10/03/2018,$30.3813,357,$30.3813,$30.3813,$30.3813
10/02/2018,$30.3108,N/A,$30.3108,$30.3108,$30.3108
10/01/2018,$30.3108,N/A,$30.3108,$30.3108,$30.3108
09/28/2018,$30.3108,"5,916",$30.16,$30.3108,$30.16
09/27/2018,$30.20,"2,908",$30.17,$30.3409,$30.17
09/26/2018,$30.20,N/A,$30.20,$30.20,$30.20
09/25/2018,$30.20,"2,190",$30.23,$30.23,$30.20
09/24/2018,$30.17,302,$30.17,$30.17,$30.17
09/21/2018,$30.4988,N/A,$30.4988,$30.4988,$30.4988
09/20/2018,$30.4988,525,$30.16,$30.4988,$30.16
09/19/2018,$30.15,"1,374",$30.24,$30.24,$30.15
09/18/2018,$30.4182,"2,074",$30.315,$30.454,$30.24
09/17/2018,$30.22,"2,116",$30.40,$30.40,$30.20
09/14/2018,$30.40,N/A,$30.40,$30.40,$30.40
09/13/2018,$30.40,"1,044",$30.44,$30.60,$30.40
09/12/2018,$30.44,"1,567",$30.307,$30.44,$30.16
09/11/2018,$30.2379,"2,512",$30.231,$30.2956,$30.15
09/10/2018,$30.4755,695,$30.41,$30.4755,$30.41
09/07/2018,$30.40,"2,200",$30.35,$30.40,$30.35
09/06/2018,$30.4155,950,$30.40,$30.4155,$30.35
09/05/2018,$30.35,502,$30.1847,$30.35,$30.1847
09/04/2018,$30.2504,"1,433",$30.41,$30.42,$30.19
08/31/2018,$30.24,"2,460",$30.51,$30.5708,$30.21
08/30/2018,$30.60,710,$30.412,$30.69,$30.412
08/29/2018,$30.50,"4,557",$30.36,$30.50,$30.36
08/28/2018,$30.6311,"1,360",$30.83,$30.83,$30.56
08/27/2018,$30.5306,400,$30.45,$30.5306,$30.45
08/24/2018,$30.5016,396,$30.46,$30.5016,$30.46
08/23/2018,$30.579,496,$30.579,$30.579,$30.579
08/22/2018,$30.6026,648,$30.64,$30.64,$30.6026
08/21/2018,$30.64,530,$30.65,$30.65,$30.46
08/20/2018,$30.73,N/A,$30.73,$30.73,$30.73
08/17/2018,$30.73,"4,550",$30.60,$30.73,$30.50
08/16/2018,$30.6005,N/A,$30.6005,$30.6005,$30.6005
08/15/2018,$30.6005,400,$30.65,$30.65,$30.6005
08/14/2018,$30.71,N/A,$30.71,$30.71,$30.71
08/13/2018,$30.71,101,$30.71,$30.71,$30.71
08/10/2018,$30.9568,275,$30.9568,$30.9568,$30.9568
08/09/2018,$30.80,460,$30.68,$30.80,$30.68
08/08/2018,$30.6653,"1,361",$30.51,$30.82,$30.5035
08/07/2018,$30.50,265,$30.50,$30.50,$30.50
08/06/2018,$30.85,"1,525",$30.72,$30.8564,$30.72
08/03/2018,$30.7476,"2,600",$30.645,$30.7476,$30.51
08/02/2018,$30.428,672,$30.15,$30.675,$30.15
08/01/2018,$30.11,"5,407",$30.60,$30.60,$30.07
07/31/2018,$30.6703,"3,720",$31.02,$31.07,$30.06
07/30/2018,$30.75,"1,100",$30.75,$30.9038,$30.75
07/27/2018,$30.90,100,$30.90,$30.90,$30.90
07/26/2018,$30.708,N/A,$30.708,$30.708,$30.708
07/25/2018,$30.708,N/A,$30.708,$30.708,$30.708
07/24/2018,$30.708,300,$30.87,$30.87,$30.708
07/23/2018,$30.87,"3,463",$30.80,$30.878,$30.67
07/20/2018,$30.9963,951,$30.83,$31.1666,$30.83
07/19/2018,$30.8316,"1,292",$30.77,$30.8316,$30.77
07/18/2018,$30.975,391,$30.975,$30.975,$30.975
07/17/2018,$30.8837,"1,200",$30.84,$30.8837,$30.78
07/16/2018,$30.8451,171,$30.8451,$30.8451,$30.8451
07/13/2018,$31.4637,300,$31.4637,$31.4637,$31.4637
07/12/2018,$30.84,N/A,$30.84,$30.84,$30.84
07/11/2018,$30.84,100,$30.84,$30.84,$30.84
07/10/2018,$30.84,"1,502",$31.00,$31.004,$30.84
07/09/2018,$31.00,"2,666",$31.00,$31.072,$30.85
07/06/2018,$31.00,"2,794",$31.00,$31.01,$30.8501
07/05/2018,$31.195,"1,250",$31.2327,$31.4743,$31.195
07/03/2018,$30.85,489,$30.89,$30.89,$30.85
07/02/2018,$31.3173,"1,707",$31.40,$31.40,$31.3173
06/29/2018,$31.4755,"1,470",$31.05,$31.48,$31.03
06/28/2018,$31.03,"1,100",$30.80,$31.03,$30.77
06/27/2018,$31.866,"3,397",$31.7733,$32.025,$31.7733
06/26/2018,$32.29,"7,355",$31.77,$32.29,$31.77
06/25/2018,$31.77,100,$31.77,$31.77,$31.77
06/22/2018,$31.7471,150,$31.7471,$31.7471,$31.7471
06/21/2018,$31.83,"3,208",$31.55,$31.87,$31.50
06/20/2018,$31.3304,"2,366",$31.6937,$31.6937,$31.26
06/19/2018,$31.585,"1,100",$31.75,$31.75,$31.38
06/18/2018,$31.915,N/A,$31.915,$31.915,$31.915
06/15/2018,$31.915,"1,400",$31.55,$31.95,$31.55
06/14/2018,$31.705,"1,143",$31.75,$31.75,$31.705
06/13/2018,$31.75,694,$32.00,$32.00,$31.725
06/12/2018,$31.95,550,$31.95,$31.95,$31.95
06/11/2018,$31.90,571,$32.00,$32.00,$31.90
06/08/2018,$31.99,550,$31.94,$32.00,$31.94
06/07/2018,$31.85,624,$31.846,$31.85,$31.846
06/06/2018,$31.99,200,$31.99,$31.99,$31.99
06/05/2018,$31.9729,"1,782",$31.9063,$31.9729,$31.53
06/04/2018,$31.89,240,$31.89,$31.89,$31.89
06/01/2018,$31.7634,600,$31.569,$31.91,$31.569
05/31/2018,$31.7633,614,$31.80,$31.827,$31.70
05/30/2018,$31.97,571,$31.90,$31.97,$31.90
05/29/2018,$32.10,100,$32.10,$32.10,$32.10
05/25/2018,$31.75,"2,242",$31.70,$31.75,$31.70
05/24/2018,$31.71,162,$31.71,$31.71,$31.71
05/23/2018,$32.493,N/A,$32.493,$32.493,$32.493
05/22/2018,$32.493,907,$32.00,$32.493,$31.9973
05/21/2018,$31.9973,"1,625",$32.00,$32.00,$31.9623
05/18/2018,$31.8757,"2,182",$32.50,$32.50,$31.8757
05/17/2018,$32.52,"8,316",$32.12,$32.54,$32.12
05/16/2018,$31.43,100,$31.43,$31.43,$31.43
05/15/2018,$31.92,N/A,$31.92,$31.92,$31.92
05/14/2018,$31.92,"1,200",$31.92,$31.92,$31.92
05/11/2018,$31.80,664,$31.986,$31.986,$31.80
05/10/2018,$31.80,400,$31.81,$31.81,$31.80
05/09/2018,$31.80,820,$31.60,$31.9792,$31.60
05/08/2018,$31.585,131,$31.585,$31.585,$31.585
05/07/2018,$31.81,506,$31.45,$31.81,$31.45
05/04/2018,$31.37,720,$31.36,$31.37,$31.36
05/03/2018,$31.73,175,$31.73,$31.73,$31.73
05/02/2018,$31.36,"1,830",$31.27,$32.254,$31.26
05/01/2018,$31.3325,N/A,$31.3325,$31.3325,$31.3325
04/30/2018,$31.3325,"1,444",$31.995,$31.995,$31.27
04/27/2018,$32.313,"3,275",$31.94,$32.48,$31.94
04/26/2018,$31.96,"2,310",$31.42,$31.96,$31.42
04/25/2018,$31.3475,N/A,$31.3475,$31.3475,$31.3475
04/24/2018,$31.3475,N/A,$31.3475,$31.3475,$31.3475
04/23/2018,$31.3475,850,$31.37,$31.40,$31.3475
04/20/2018,$31.2984,"1,900",$31.10,$31.2984,$31.10
04/19/2018,$31.2153,"3,332",$31.00,$31.2212,$31.00
04/18/2018,$31.49,900,$30.95,$31.49,$30.95
04/17/2018,$31.50,"1,735",$31.45,$31.545,$31.45
04/16/2018,$30.90,N/A,$30.90,$30.90,$30.90
04/13/2018,$30.90,"1,122",$30.53,$30.90,$30.44
04/12/2018,$31.105,750,$31.0254,$31.105,$31.0254
04/11/2018,$30.90,894,$30.955,$30.955,$30.90
04/10/2018,$30.9168,460,$31.521,$31.521,$30.9168
04/09/2018,$30.98,706,$30.78,$31.1889,$30.78
04/06/2018,$30.9223,"1,104",$30.97,$31.01,$30.9223
04/05/2018,$30.7758,"1,020",$30.99,$30.99,$30.7758
04/04/2018,$31.00,N/A,$31.00,$31.00,$31.00
04/03/2018,$31.00,"1,158",$30.767,$31.00,$30.57
04/02/2018,$30.55,"1,400",$30.55,$30.55,$30.55
03/29/2018,$30.55,"2,951",$30.66,$30.66,$30.55
03/28/2018,$30.72,N/A,$30.72,$30.72,$30.72
03/27/2018,$30.72,"1,250",$30.948,$30.948,$30.60
03/26/2018,$30.8352,824,$30.75,$30.8352,$30.75
03/23/2018,$30.9975,"1,600",$31.00,$31.00,$30.78
03/22/2018,$30.978,N/A,$30.978,$30.978,$30.978
03/21/2018,$30.978,"1,155",$31.00,$31.00,$30.9318
03/20/2018,$30.83,100,$30.83,$30.83,$30.83
03/19/2018,$30.83,"1,450",$30.88,$30.88,$30.75
03/16/2018,$30.75,750,$30.88,$30.88,$30.75
03/15/2018,$30.897,N/A,$30.897,$30.897,$30.897
03/14/2018,$30.897,"4,175",$30.90,$30.9618,$30.31
03/13/2018,$31.00,200,$31.00,$31.00,$31.00
03/12/2018,$31.382,N/A,$31.382,$31.382,$31.382
03/09/2018,$31.382,N/A,$31.382,$31.382,$31.382
03/08/2018,$31.382,571,$31.15,$31.382,$31.15
03/07/2018,$30.88,700,$31.266,$31.382,$30.88
03/06/2018,$30.955,765,$31.0832,$31.0832,$30.9056
03/05/2018,$31.005,"1,300",$30.83,$31.005,$30.81
03/02/2018,$30.804,"1,047",$30.79,$31.10,$30.79
03/01/2018,$30.775,"9,181",$31.06,$31.0616,$30.60
02/28/2018,$31.2756,700,$31.15,$31.2756,$30.90
02/27/2018,$31.3688,"2,792",$31.04,$31.3966,$31.04
02/26/2018,$31.45,556,$31.45,$31.45,$31.45
02/23/2018,$31.62,"1,030",$32.00,$32.00,$31.225
02/22/2018,$31.22,"1,210",$31.21,$31.28,$31.21
02/21/2018,$31.0952,639,$31.19,$31.3603,$30.76
02/20/2018,$30.65,"3,689",$31.64,$31.875,$30.51
02/16/2018,$31.518,"1,200",$31.762,$31.762,$31.518
02/15/2018,$31.60,"1,813",$31.75,$31.76,$31.60
02/14/2018,$32.3133,N/A,$32.3133,$32.3133,$32.3133
02/13/2018,$32.3133,200,$32.3133,$32.3133,$32.3133
02/12/2018,$31.72,100,$31.72,$31.72,$31.72
02/09/2018,$31.55,"4,665",$32.04,$32.04,$31.55
02/08/2018,$32.0321,960,$32.2512,$32.2512,$32.0321
02/07/2018,$32.25,925,$32.35,$32.35,$32.25
02/06/2018,$32.3454,"1,010",$32.3441,$32.4655,$32.26
02/05/2018,$32.551,"1,167",$32.551,$32.551,$32.551
02/02/2018,$32.265,"1,152",$32.25,$32.2743,$32.25
02/01/2018,$32.3727,"1,555",$32.61,$32.61,$32.3711
01/31/2018,$32.41,N/A,$32.41,$32.41,$32.41
01/30/2018,$32.41,716,$32.64,$32.64,$32.404
01/29/2018,$32.3982,"1,351",$32.4514,$32.4514,$32.31
01/26/2018,$32.38,"2,206",$32.25,$32.92,$32.25
01/25/2018,$32.30,"4,285",$32.50,$32.6721,$32.30
01/24/2018,$32.32,"2,480",$32.7653,$32.7653,$32.32
01/23/2018,$32.80,734,$32.90,$32.90,$32.80
01/22/2018,$32.406,325,$32.406,$32.406,$32.406
01/19/2018,$32.6646,"1,657",$32.30,$32.6646,$32.30
01/18/2018,$32.6949,621,$32.66,$32.6949,$32.66
01/17/2018,$32.9643,N/A,$32.9643,$32.9643,$32.9643
01/16/2018,$32.9643,645,$32.9643,$32.9643,$32.9643
01/12/2018,$32.9499,992,$32.625,$32.9499,$32.365
01/11/2018,$32.46,684,$32.60,$32.60,$32.46
01/10/2018,$32.50,726,$32.95,$32.95,$32.50
01/09/2018,$32.994,701,$33.12,$33.12,$32.725
01/08/2018,$32.7267,"2,481",$32.75,$32.75,$32.565
01/05/2018,$32.50,"1,854",$32.5342,$32.8709,$31.9882
01/04/2018,$32.30,"4,368",$32.92,$33.15,$32.30
01/03/2018,$32.6207,"1,537",$32.97,$32.97,$32.6207
01/02/2018,$32.50,"1,105",$33.22,$33.22,$32.50
12/29/2017,$32.73,322,$32.73,$32.73,$32.73
12/28/2017,$32.75,"1,613",$33.18,$33.18,$32.72
12/27/2017,$33.90,"1,001",$33.90,$33.90,$33.89
12/26/2017,$33.915,"2,102",$33.66,$33.98,$33.55
12/22/2017,$33.9995,"4,118",$34.37,$34.37,$33.49
12/21/2017,$34.0466,N/A,$34.0466,$34.0466,$34.0466
12/20/2017,$34.0466,300,$34.0466,$34.0466,$34.0466
12/19/2017,$34.02,"3,805",$33.71,$34.32,$33.66
12/18/2017,$33.66,"1,732",$33.29,$33.85,$33.29
12/15/2017,$34.20,"9,000",$33.94,$34.37,$33.825
12/14/2017,$34.1235,640,$34.00,$34.19,$33.9335
12/13/2017,$33.3426,"5,171",$33.74,$34.37,$33.30
12/12/2017,$33.549,N/A,$33.549,$33.549,$33.549
12/11/2017,$33.549,809,$33.10,$33.549,$33.10
12/08/2017,$33.2931,"1,889",$34.00,$34.00,$33.03
12/07/2017,$33.25,N/A,$33.25,$33.25,$33.25
12/06/2017,$33.25,450,$33.25,$33.25,$33.25
12/05/2017,$33.5024,N/A,$33.5024,$33.5024,$33.5024
12/04/2017,$33.5024,434,$33.17,$33.5024,$33.17
12/01/2017,$33.1799,670,$33.35,$33.35,$33.1745
11/30/2017,$33.00,"1,100",$33.1379,$33.1379,$33.00
11/29/2017,$33.25,"1,235",$33.052,$33.25,$33.03
11/28/2017,$33.00,"1,140",$33.081,$33.1462,$33.00
11/27/2017,$33.08,"3,298",$33.24,$33.24,$33.00
11/24/2017,$33.125,"1,500",$33.29,$33.30,$33.125
11/22/2017,$33.30,133,$33.30,$33.30,$33.30
11/21/2017,$33.00,757,$33.00,$33.00,$33.00
11/20/2017,$32.73,400,$32.73,$32.73,$32.73
11/17/2017,$32.95,932,$33.01,$33.3109,$32.95
11/16/2017,$32.72,N/A,$32.72,$32.72,$32.72
11/15/2017,$32.72,N/A,$32.72,$32.72,$32.72
11/14/2017,$32.72,200,$32.72,$32.72,$32.72
11/13/2017,$32.72,"1,380",$32.73,$32.73,$32.69
11/10/2017,$32.8486,625,$32.71,$32.8486,$32.71
11/09/2017,$32.64,709,$33.03,$33.03,$32.64
11/08/2017,$33.93,677,$33.93,$33.93,$33.93
11/07/2017,$32.612,N/A,$32.612,$32.612,$32.612
11/06/2017,$32.612,"2,715",$32.66,$32.66,$32.60
11/03/2017,$32.77,"1,136",$32.68,$32.77,$32.66
11/02/2017,$32.83,650,$33.45,$33.45,$32.83
11/01/2017,$33.73,"3,746",$33.80,$33.80,$32.7304
10/31/2017,$33.0074,"2,600",$33.50,$33.50,$33.00
10/30/2017,$33.34,"1,587",$33.12,$33.40,$33.12
10/27/2017,$33.13,603,$33.2185,$33.2185,$33.13
10/26/2017,$33.89,775,$33.61,$33.89,$33.61
10/25/2017,$33.81,"1,484",$34.30,$34.30,$32.91
10/24/2017,$34.37,"5,207",$34.37,$34.37,$34.25
10/23/2017,$34.37,"8,665",$34.30,$35.01,$34.11
10/20/2017,$34.056,"3,150",$33.90,$34.20,$33.90
10/19/2017,$34.00,"2,925",$34.02,$34.20,$34.00
10/18/2017,$34.03,"1,663",$34.20,$34.20,$34.00
10/17/2017,$33.50,"2,900",$33.30,$35.1099,$33.30
10/16/2017,$32.7492,N/A,$32.7492,$32.7492,$32.7492
10/13/2017,$32.7492,"1,053",$32.50,$33.19,$32.50
10/12/2017,$33.25,940,$33.25,$33.25,$33.2426
10/11/2017,$33.0249,679,$32.99,$33.2749,$32.9249
10/10/2017,$32.9951,"7,238",$32.73,$33.0428,$32.575
10/09/2017,$32.50,N/A,$32.50,$32.50,$32.50
10/06/2017,$32.50,"4,282",$32.42,$32.50,$32.42
10/05/2017,$32.42,"1,509",$32.4199,$32.42,$32.4036
10/04/2017,$32.32,199,$32.32,$32.32,$32.32
10/03/2017,$32.437,N/A,$32.437,$32.437,$32.437
10/02/2017,$32.437,677,$32.3479,$32.437,$32.32
09/29/2017,$32.3668,N/A,$32.3668,$32.3668,$32.3668
09/28/2017,$32.3668,870,$32.32,$32.3668,$32.32
09/27/2017,$32.398,N/A,$32.398,$32.398,$32.398
09/26/2017,$32.398,400,$32.348,$32.398,$32.3001
09/25/2017,$32.4203,708,$32.28,$32.45,$32.28
09/22/2017,$32.2551,200,$32.22,$32.2551,$32.22
09/21/2017,$32.10,237,$32.10,$32.10,$32.10
09/20/2017,$32.4499,"1,000",$32.35,$32.4499,$32.35
09/19/2017,$32.3364,"1,197",$32.40,$32.40,$32.3364
09/18/2017,$32.32,190,$32.32,$32.32,$32.32
09/15/2017,$32.2644,325,$32.2644,$32.2644,$32.2644
09/14/2017,$32.18,"1,634",$32.3256,$32.39,$32.18
09/13/2017,$32.2242,568,$32.19,$32.2242,$32.1801
09/12/2017,$32.2125,910,$32.40,$32.40,$32.2125
09/11/2017,$32.2204,220,$32.2204,$32.2204,$32.2204
09/08/2017,$32.22,N/A,$32.22,$32.22,$32.22
09/07/2017,$32.22,144,$32.22,$32.22,$32.22
09/06/2017,$32.141,N/A,$32.141,$32.141,$32.141
09/05/2017,$32.141,"1,600",$32.07,$32.22,$32.07
09/01/2017,$32.12,800,$32.16,$32.16,$32.10
08/31/2017,$32.1867,886,$32.30,$32.30,$32.1867
08/30/2017,$32.2553,300,$32.2588,$32.2588,$32.2553
08/29/2017,$32.40,620,$32.40,$32.40,$32.40
08/28/2017,$32.1225,"2,302",$32.30,$32.30,$32.10
08/25/2017,$32.11,400,$32.11,$32.1582,$32.11
08/24/2017,$32.11,"3,095",$32.41,$32.45,$32.1001
08/23/2017,$32.3118,"1,202",$32.349,$32.35,$32.3118
08/22/2017,$32.20,N/A,$32.20,$32.20,$32.20
08/21/2017,$32.20,"1,010",$32.25,$32.25,$32.124
08/18/2017,$32.3064,846,$32.25,$32.3064,$32.25
08/17/2017,$32.1526,756,$32.1526,$32.1526,$32.1526
08/16/2017,$32.25,600,$32.25,$32.2823,$32.25
08/15/2017,$32.2001,502,$32.10,$32.2001,$32.10
08/14/2017,$32.433,600,$32.2469,$32.433,$32.2469
08/11/2017,$32.489,863,$32.10,$32.489,$32.10
08/10/2017,$32.1174,"2,055",$32.17,$32.17,$32.10
08/09/2017,$32.557,745,$32.6999,$32.6999,$32.26
08/08/2017,$32.674,435,$32.74,$32.74,$32.674
08/07/2017,$32.12,100,$32.12,$32.12,$32.12
08/04/2017,$32.5636,N/A,$32.5636,$32.5636,$32.5636
08/03/2017,$32.5636,531,$32.59,$32.59,$32.5636
08/02/2017,$32.28,N/A,$32.28,$32.28,$32.28
08/01/2017,$32.28,161,$32.28,$32.28,$32.28
07/31/2017,$32.286,300,$32.26,$32.286,$32.26
07/28/2017,$32.28,682,$32.10,$32.28,$32.10
07/27/2017,$32.281,175,$32.281,$32.281,$32.281
07/26/2017,$32.331,"1,100",$32.10,$32.331,$32.10
07/25/2017,$32.28,"1,200",$32.26,$32.2975,$32.26
07/24/2017,$32.26,"2,201",$32.11,$32.36,$32.10
07/21/2017,$32.17,450,$32.11,$32.17,$32.11
07/20/2017,$32.30,N/A,$32.30,$32.30,$32.30
07/19/2017,$32.30,550,$32.30,$32.30,$32.30
07/18/2017,$32.30,700,$32.30,$32.30,$32.30
07/17/2017,$32.384,920,$32.15,$32.384,$32.13
07/14/2017,$32.208,N/A,$32.208,$32.208,$32.208
07/13/2017,$32.208,650,$32.21,$32.21,$32.208
07/12/2017,$32.1501,749,$32.15,$32.1501,$32.15
07/11/2017,$32.38,N/A,$32.38,$32.38,$32.38
07/10/2017,$32.38,"1,350",$32.39,$32.39,$32.11
07/07/2017,$32.39,N/A,$32.39,$32.39,$32.39
07/06/2017,$32.39,"1,684",$32.4128,$32.4128,$32.10
07/05/2017,$32.46,488,$32.46,$32.46,$32.46
07/03/2017,$32.46,N/A,$32.46,$32.46,$32.46
06/30/2017,$32.46,"1,290",$32.26,$32.47,$32.2162
06/29/2017,$32.339,"1,063",$32.33,$32.339,$32.2818
06/28/2017,$32.12,"5,132",$32.49,$32.49,$32.11
06/27/2017,$33.1527,"5,903",$33.23,$33.25,$33.11
06/26/2017,$33.2495,"5,726",$33.18,$33.25,$33.15
06/23/2017,$33.236,"1,317",$33.1324,$33.236,$33.1324
06/22/2017,$33.1703,"1,129",$33.17,$33.1703,$33.11
06/21/2017,$33.19,970,$33.15,$33.19,$33.1462
06/20/2017,$33.19,"1,753",$33.219,$33.2199,$33.0101
06/19/2017,$32.9494,340,$32.90,$32.9494,$32.90
06/16/2017,$33.0123,323,$32.91,$33.0123,$32.91
06/15/2017,$33.102,N/A,$33.102,$33.102,$33.102
06/14/2017,$33.102,"1,537",$32.95,$33.102,$32.95
06/13/2017,$32.8537,N/A,$32.8537,$32.8537,$32.8537
06/12/2017,$32.8537,170,$32.8537,$32.8537,$32.8537
06/09/2017,$33.0738,"2,867",$33.09,$33.10,$33.0571
06/08/2017,$33.02,325,$33.02,$33.02,$33.02
06/07/2017,$33.205,"1,725",$33.00,$33.205,$32.828
06/06/2017,$32.73,"4,514",$33.05,$33.08,$32.60
06/05/2017,$32.89,"2,252",$33.06,$33.10,$32.89
06/02/2017,$32.7527,"3,632",$33.0154,$33.08,$32.701
06/01/2017,$33.06,N/A,$33.06,$33.06,$33.06
05/31/2017,$33.06,200,$33.06,$33.06,$33.06
05/30/2017,$32.77,"6,200",$33.0949,$33.0949,$32.10
05/26/2017,$33.19,814,$33.00,$33.19,$33.00
05/25/2017,$32.8754,450,$32.8754,$32.8754,$32.8754
05/24/2017,$32.96,400,$33.04,$33.04,$32.96
05/23/2017,$32.68,648,$32.80,$33.04,$32.68
05/22/2017,$32.75,"1,247",$33.07,$33.07,$32.7052
05/19/2017,$32.70,"1,122",$32.80,$32.80,$32.70
05/18/2017,$32.7999,"1,145",$33.00,$33.00,$32.661
05/17/2017,$32.551,"1,772",$32.85,$32.999,$32.551
05/16/2017,$32.85,"1,800",$33.03,$33.03,$32.85
05/15/2017,$32.85,"1,792",$33.00,$33.0205,$32.85
05/12/2017,$32.956,"1,772",$33.00,$33.10,$32.938
05/11/2017,$32.9146,475,$33.02,$33.02,$32.9146
05/10/2017,$33.06,"1,615",$33.00,$33.08,$32.9344
05/09/2017,$33.0748,618,$33.10,$33.10,$33.0748
05/08/2017,$33.09,866,$33.1096,$33.1096,$33.067
05/05/2017,$33.10,"1,584",$33.25,$33.25,$33.10
05/04/2017,$33.249,286,$33.25,$33.25,$33.249
05/03/2017,$33.22,"1,020",$33.30,$33.30,$33.22
05/02/2017,$33.35,N/A,$33.35,$33.35,$33.35
05/01/2017,$33.35,N/A,$33.35,$33.35,$33.35
04/28/2017,$33.35,100,$33.35,$33.35,$33.35
04/27/2017,$33.2538,"1,375",$33.2705,$33.2705,$33.20
04/26/2017,$33.287,349,$33.15,$33.287,$33.15
04/25/2017,$33.465,596,$33.3544,$33.465,$33.3544
04/24/2017,$33.3561,N/A,$33.3561,$33.3561,$33.3561
04/21/2017,$33.3561,375,$33.18,$33.3561,$33.18
04/20/2017,$33.50,"2,155",$33.139,$33.50,$33.101
04/19/2017,$33.1497,"1,191",$33.1012,$33.195,$33.10
04/18/2017,$33.3003,742,$33.34,$33.35,$33.2903
04/17/2017,$33.08,"2,897",$33.124,$33.35,$33.08
04/13/2017,$33.183,509,$33.1355,$33.20,$33.1355
04/12/2017,$33.021,"2,080",$33.17,$33.17,$33.00
04/11/2017,$33.1798,"1,146",$33.1625,$33.20,$33.15
04/10/2017,$33.179,"2,334",$33.15,$33.20,$33.15
04/07/2017,$33.1504,868,$33.20,$33.20,$33.1504
04/06/2017,$33.0869,200,$33.05,$33.0869,$33.05
04/05/2017,$33.15,"1,272",$32.90,$33.15,$32.90
04/04/2017,$33.199,N/A,$33.199,$33.199,$33.199
04/03/2017,$33.199,N/A,$33.199,$33.199,$33.199
03/31/2017,$33.199,563,$32.72,$33.199,$32.72
03/30/2017,$32.96,N/A,$32.96,$32.96,$32.96
03/29/2017,$32.96,"1,454",$32.96,$32.96,$32.9111
03/28/2017,$32.91,"3,145",$32.6429,$32.91,$32.56
03/27/2017,$32.8123,"1,004",$32.861,$32.91,$32.8123
03/24/2017,$32.65,827,$32.70,$32.70,$32.65
03/23/2017,$32.9108,"1,320",$32.751,$32.96,$32.75
03/22/2017,$32.7012,"1,843",$32.29,$32.75,$32.25
03/21/2017,$32.9111,747,$32.75,$32.96,$32.75
03/20/2017,$32.75,"1,723",$32.75,$32.75,$32.55
03/17/2017,$32.75,961,$32.75,$32.75,$32.75
03/16/2017,$32.75,"1,584",$32.62,$32.75,$32.62
03/15/2017,$32.4078,502,$32.44,$32.44,$32.4078
03/14/2017,$32.4443,314,$32.4443,$32.4443,$32.4443
03/13/2017,$32.13,"1,292",$32.17,$32.47,$32.13
03/10/2017,$32.49,"5,111",$32.2312,$32.49,$32.0236
03/09/2017,$32.03,"1,060",$32.02,$32.03,$32.02
03/08/2017,$32.3019,899,$32.03,$32.35,$32.03
03/07/2017,$32.0035,N/A,$32.0035,$32.0035,$32.0035
03/06/2017,$32.0035,N/A,$32.0035,$32.0035,$32.0035
03/03/2017,$32.0035,463,$32.00,$32.0035,$32.00
03/02/2017,$32.3399,956,$32.2919,$32.3399,$32.2919
03/01/2017,$32.07,294,$32.20,$32.20,$32.07
02/28/2017,$32.12,546,$32.07,$32.12,$32.07
02/27/2017,$32.00,N/A,$32.00,$32.00,$32.00
02/24/2017,$32.00,100,$32.00,$32.00,$32.00
02/23/2017,$32.0947,"1,191",$32.26,$32.26,$32.08
02/22/2017,$32.212,"1,382",$32.00,$32.26,$32.00
02/21/2017,$31.90,"5,200",$32.20,$32.26,$31.90
02/17/2017,$32.21,N/A,$32.21,$32.21,$32.21
02/16/2017,$32.21,N/A,$32.21,$32.21,$32.21
02/15/2017,$32.21,752,$32.20,$32.21,$31.9501
02/14/2017,$32.229,450,$32.229,$32.229,$32.229
02/13/2017,$32.229,525,$31.97,$32.229,$31.95
02/10/2017,$31.95,"3,190",$32.26,$32.26,$31.95
02/09/2017,$32.236,454,$32.236,$32.236,$32.236
02/08/2017,$32.26,"1,320",$32.26,$32.26,$32.2279
02/07/2017,$32.2201,629,$32.26,$32.26,$32.20
02/06/2017,$32.236,200,$32.236,$32.236,$32.236
02/03/2017,$32.236,"1,648",$32.1688,$32.26,$32.1688
02/02/2017,$32.02,N/A,$32.02,$32.02,$32.02
02/01/2017,$32.02,833,$32.02,$32.183,$32.02
01/31/2017,$32.02,289,$32.02,$32.02,$32.02
01/30/2017,$32.1705,"1,204",$32.15,$32.1705,$32.0201
01/27/2017,$32.1919,N/A,$32.1919,$32.1919,$32.1919
01/26/2017,$32.1919,N/A,$32.1919,$32.1919,$32.1919
01/25/2017,$32.1919,N/A,$32.1919,$32.1919,$32.1919
01/24/2017,$32.1919,376,$32.24,$32.249,$32.1919
01/23/2017,$32.1052,"2,580",$32.26,$32.26,$31.98
01/20/2017,$32.2419,N/A,$32.2419,$32.2419,$32.2419
01/19/2017,$32.2419,"2,540",$32.08,$32.30,$32.02
01/18/2017,$32.3364,"4,956",$32.00,$32.345,$32.00
01/17/2017,$32.00,"5,515",$32.21,$32.25,$32.00
01/13/2017,$32.25,"2,241",$32.52,$32.561,$32.2491
01/12/2017,$32.555,244,$32.555,$32.555,$32.555
01/11/2017,$32.608,640,$32.449,$32.608,$32.449
01/10/2017,$32.467,"1,426",$32.417,$32.50,$32.40
01/09/2017,$32.20,"2,581",$32.1301,$32.55,$32.1301
01/06/2017,$32.13,608,$32.14,$32.14,$32.13
01/05/2017,$32.2618,"1,967",$32.13,$32.3595,$32.13
01/04/2017,$32.1313,"5,778",$32.10,$32.40,$32.08
01/03/2017,$32.11,"5,690",$32.40,$32.40,$31.88
12/30/2016,$32.05,"1,250",$32.07,$32.085,$32.05
12/29/2016,$32.3319,"1,545",$32.40,$32.40,$32.04
12/28/2016,$32.2256,"2,477",$31.90,$32.45,$31.90
12/27/2016,$33.4792,"5,892",$33.35,$33.48,$32.95
12/23/2016,$32.91,442,$33.19,$33.19,$32.91
12/22/2016,$32.81,"1,930",$33.21,$33.21,$32.81
12/21/2016,$33.0671,"1,717",$33.10,$33.10,$33.0671
12/20/2016,$32.835,"1,519",$33.10,$33.10,$32.75
12/19/2016,$32.93,"3,891",$32.87,$33.10,$32.75
12/16/2016,$32.9647,988,$32.893,$33.10,$32.893
12/15/2016,$33.10,789,$33.0506,$33.10,$32.8975
12/14/2016,$33.0776,"1,397",$33.075,$33.10,$32.99
12/13/2016,$32.85,"1,217",$32.77,$33.0999,$32.75
12/12/2016,$32.77,415,$32.77,$32.77,$32.77
12/09/2016,$33.1253,N/A,$33.1253,$33.1253,$33.1253
12/08/2016,$33.1253,958,$32.75,$33.1253,$32.75
12/07/2016,$32.825,647,$32.75,$32.825,$32.74
12/06/2016,$32.8852,N/A,$32.8852,$32.8852,$32.8852
12/05/2016,$32.8852,"1,294",$32.90,$32.90,$32.8852
12/02/2016,$32.90,628,$32.01,$32.96,$32.01
12/01/2016,$32.2473,"2,445",$32.60,$32.98,$32.20
11/30/2016,$32.6615,360,$32.6615,$32.6615,$32.6615
11/29/2016,$33.00,648,$33.00,$33.00,$33.00
11/28/2016,$33.02,"2,890",$32.15,$33.02,$32.15
11/25/2016,$31.9377,104,$31.9377,$31.9377,$31.9377
11/23/2016,$31.83,442,$32.12,$32.12,$31.83
11/22/2016,$31.997,235,$31.997,$31.997,$31.997
11/21/2016,$31.742,"1,959",$31.95,$31.95,$31.3515
11/18/2016,$31.4351,575,$31.40,$31.4351,$31.40
11/17/2016,$31.46,"1,200",$31.46,$32.24,$31.46
11/16/2016,$31.05,"2,205",$32.3082,$32.3082,$30.55
11/15/2016,$32.60,"1,837",$32.82,$32.82,$32.60
11/14/2016,$32.856,500,$32.856,$32.856,$32.856
11/11/2016,$32.9221,715,$32.9221,$32.9221,$32.9221
11/10/2016,$33.25,450,$33.50,$33.50,$33.25
11/09/2016,$33.53,"1,940",$33.7112,$33.7112,$33.50
11/08/2016,$33.8395,680,$33.89,$33.89,$33.8395
11/07/2016,$33.70,N/A,$33.70,$33.70,$33.70
11/04/2016,$33.70,694,$33.902,$33.902,$33.61
11/03/2016,$33.964,753,$33.81,$33.964,$33.81
11/02/2016,$33.8745,N/A,$33.8745,$33.8745,$33.8745
11/01/2016,$33.8745,"1,491",$33.82,$33.90,$33.82
10/31/2016,$33.82,525,$33.76,$33.82,$33.76
10/28/2016,$33.55,575,$33.70,$33.70,$33.55
10/27/2016,$33.6997,"1,515",$33.6997,$33.75,$33.6897
10/26/2016,$33.75,888,$33.73,$33.75,$33.6797
10/25/2016,$33.52,"1,864",$33.79,$33.7999,$33.51
10/24/2016,$33.597,834,$33.6106,$33.6306,$33.51
10/21/2016,$33.47,N/A,$33.47,$33.47,$33.47
10/20/2016,$33.47,N/A,$33.47,$33.47,$33.47
10/19/2016,$33.47,313,$33.71,$33.71,$33.47
10/18/2016,$33.5998,"1,936",$33.4501,$33.65,$33.40
10/17/2016,$33.7199,"1,922",$33.60,$33.7199,$33.5502
10/14/2016,$33.10,450,$33.53,$33.53,$33.10
10/13/2016,$32.80,"2,510",$33.57,$33.58,$32.34
10/12/2016,$33.50,N/A,$33.50,$33.50,$33.50
10/11/2016,$33.50,"1,138",$33.85,$33.85,$33.50
10/10/2016,$33.85,736,$33.90,$33.90,$33.702
10/07/2016,$33.75,266,$33.88,$33.88,$33.75
10/06/2016,$33.895,700,$33.49,$33.895,$33.49
10/05/2016,$33.849,"5,732",$33.38,$34.00,$33.2978
10/04/2016,$33.40,"2,200",$33.307,$33.40,$33.307
10/03/2016,$33.143,617,$33.30,$33.30,$33.143
09/30/2016,$33.2765,"2,487",$33.34,$33.40,$33.209
09/29/2016,$33.2143,400,$33.2143,$33.2143,$33.2143
09/28/2016,$33.332,"3,210",$33.12,$33.40,$32.9625
09/27/2016,$33.17,"5,912",$32.96,$33.20,$32.86
09/26/2016,$33.0158,"1,855",$32.72,$33.0158,$32.72
09/23/2016,$32.8153,"1,643",$32.70,$32.8153,$32.58
09/22/2016,$32.755,"1,424",$32.48,$33.07,$32.48
09/21/2016,$32.55,"1,244",$32.40,$32.68,$32.33
09/20/2016,$32.66,"1,224",$32.36,$32.66,$32.36
09/19/2016,$32.89,"4,070",$32.60,$32.89,$32.47
09/16/2016,$32.611,"1,504",$32.8306,$32.8306,$32.38
09/15/2016,$32.648,"5,360",$32.48,$32.648,$32.48
09/14/2016,$32.319,"5,898",$32.20,$32.67,$32.20
09/13/2016,$32.11,736,$32.061,$32.2485,$32.061
09/12/2016,$32.18,"2,854",$32.08,$32.2499,$32.07
09/09/2016,$32.229,"1,502",$32.09,$32.23,$32.0471
09/08/2016,$32.07,"1,100",$32.07,$32.23,$32.07
09/07/2016,$32.0701,N/A,$32.0701,$32.0701,$32.0701
09/06/2016,$32.0701,"2,182",$32.11,$32.22,$32.0701
09/02/2016,$32.10,"4,553",$32.06,$32.1667,$32.05
09/01/2016,$32.21,"7,557",$32.25,$32.25,$32.043
08/31/2016,$32.02,"1,603",$32.04,$32.14,$32.02
08/30/2016,$32.20,"1,721",$32.28,$32.335,$32.10
08/29/2016,$32.02,"6,973",$32.75,$32.75,$32.02
08/26/2016,$32.77,"1,402",$33.00,$33.00,$32.77
08/25/2016,$32.975,"2,236",$33.00,$33.00,$32.61
08/24/2016,$32.67,"5,754",$33.40,$33.40,$32.501
08/23/2016,$33.23,655,$33.284,$33.31,$33.23
08/22/2016,$33.3299,"2,975",$33.39,$33.39,$33.22
08/19/2016,$33.17,"1,029",$33.32,$33.32,$33.17
08/18/2016,$33.26,933,$33.15,$33.40,$33.15
08/17/2016,$33.3125,"2,694",$33.13,$33.67,$33.13
08/16/2016,$33.67,"2,332",$33.79,$33.79,$33.00
08/15/2016,$33.6007,"2,001",$33.79,$33.79,$33.6007
08/12/2016,$33.852,"2,535",$33.79,$33.852,$33.55
08/11/2016,$33.60,"2,356",$33.50,$33.73,$33.50
08/10/2016,$33.7799,"4,740",$33.75,$33.84,$33.55
08/09/2016,$33.87,883,$34.00,$34.00,$33.76
08/08/2016,$33.69,"1,178",$33.83,$33.87,$33.55
08/05/2016,$34.49,"2,036",$33.97,$34.49,$33.625
08/04/2016,$33.69,"1,605",$33.19,$33.69,$33.19
08/03/2016,$33.795,"4,750",$33.14,$33.99,$32.94
08/02/2016,$33.44,"4,039",$33.68,$33.90,$32.59
08/01/2016,$33.75,"3,223",$34.34,$34.85,$33.75
07/29/2016,$34.6856,"1,917",$34.85,$34.85,$34.41
07/28/2016,$34.6975,"2,314",$34.83,$34.84,$34.35
07/27/2016,$34.53,"2,178",$34.50,$34.9895,$34.28
07/26/2016,$34.45,"3,530",$34.50,$34.50,$34.07
07/25/2016,$33.83,"2,410",$34.41,$34.5001,$33.83
07/22/2016,$33.97,"9,163",$32.81,$34.64,$32.81
07/21/2016,$33.09,"6,352",$33.024,$33.19,$32.83
07/20/2016,$33.11,"2,207",$33.21,$33.5951,$33.11
07/19/2016,$33.815,"2,245",$33.30,$34.69,$33.30
07/18/2016,$33.00,"3,283",$33.55,$33.66,$33.00
07/15/2016,$33.52,"3,598",$32.92,$33.52,$32.92
07/14/2016,$33.59,"2,513",$32.92,$33.59,$32.89
07/13/2016,$33.20,"10,883",$33.10,$33.36,$32.45
07/12/2016,$33.10,"4,312",$33.35,$33.71,$33.00
07/11/2016,$33.7225,"1,809",$33.05,$33.999,$33.05
07/08/2016,$33.509,"1,994",$33.16,$33.56,$32.93
07/07/2016,$33.11,"1,200",$33.43,$33.99,$32.95
07/06/2016,$33.60,"1,002",$32.89,$33.999,$32.89
07/05/2016,$33.355,"5,466",$32.73,$34.61,$32.73
07/01/2016,$32.9875,"4,206",$32.85,$33.20,$32.55
06/30/2016,$32.50,"2,408",$32.58,$32.951,$32.50
06/29/2016,$32.59,"5,114",$32.96,$33.16,$32.51
06/28/2016,$32.74,"3,006",$33.00,$33.25,$32.18
06/27/2016,$32.81,"1,610",$32.80,$32.94,$32.73
06/24/2016,$32.72,"7,819",$31.45,$32.95,$31.45
06/23/2016,$32.58,"20,766",$32.84,$33.02,$32.54
06/22/2016,$32.85,"3,429",$32.68,$32.85,$32.68
06/21/2016,$32.84,"17,725",$32.31,$33.25,$32.31
06/20/2016,$32.90,"2,202",$33.00,$33.00,$32.46
06/17/2016,$32.93,300,$32.30,$32.93,$32.30
06/16/2016,$32.44,"2,175",$32.44,$32.723,$32.44
06/15/2016,$32.65,"19,867",$32.49,$32.75,$32.12
06/14/2016,$32.493,600,$32.23,$32.50,$32.23
06/13/2016,$32.50,"1,450",$32.248,$32.50,$32.22
06/10/2016,$32.47,"2,046",$32.15,$32.47,$32.15
06/09/2016,$32.15,"1,199",$32.13,$32.37,$32.13
06/08/2016,$32.10,652,$32.00,$32.4455,$32.00
06/07/2016,$31.9062,"1,071",$31.9063,$32.00,$31.9062
06/06/2016,$31.70,"6,531",$31.80,$32.50,$31.55
06/03/2016,$31.8775,"2,573",$31.83,$32.13,$31.83
06/02/2016,$31.75,275,$31.75,$31.75,$31.75
06/01/2016,$32.00,N/A,$32.00,$32.00,$32.00
05/31/2016,$32.00,N/A,$32.00,$32.00,$32.00
05/27/2016,$32.00,N/A,$32.00,$32.00,$32.00
05/26/2016,$32.00,220,$31.9999,$32.00,$31.9999
05/25/2016,$31.857,N/A,$31.857,$31.857,$31.857
05/24/2016,$31.857,"3,950",$31.78,$32.04,$31.76
05/23/2016,$31.808,"1,000",$31.808,$31.808,$31.808
05/20/2016,$32.139,"1,355",$31.89,$32.139,$31.89
05/19/2016,$31.77,590,$31.75,$32.04,$31.75
05/18/2016,$31.81,714,$32.19,$32.19,$31.81
05/17/2016,$32.13,200,$32.1262,$32.13,$32.1262
05/16/2016,$31.811,150,$31.811,$31.811,$31.811
05/13/2016,$31.9604,"1,010",$31.985,$31.985,$31.85
05/12/2016,$31.853,300,$31.853,$31.853,$31.853
05/11/2016,$32.225,508,$31.86,$32.225,$31.86
05/10/2016,$32.1208,600,$32.1208,$32.1208,$32.1208
05/09/2016,$32.11,540,$31.88,$32.11,$31.88
05/06/2016,$32.50,"1,704",$32.05,$32.50,$31.85
05/05/2016,$32.2616,"1,082",$32.2616,$32.2616,$32.2616
05/04/2016,$32.3332,"2,786",$32.85,$32.89,$32.03
05/03/2016,$32.451,"2,900",$32.01,$32.50,$32.00
05/02/2016,$32.00,"2,792",$32.30,$32.5933,$32.00
04/29/2016,$32.162,"3,364",$31.986,$32.162,$31.8644
04/28/2016,$32.00,870,$32.00,$32.00,$32.00
04/27/2016,$31.8515,"1,361",$31.8515,$32.00,$31.8515
04/26/2016,$31.90,525,$31.85,$31.90,$31.85
04/25/2016,$31.86,590,$31.95,$31.95,$31.85
04/22/2016,$32.11,"3,100",$32.20,$32.20,$31.92
04/21/2016,$32.25,"1,194",$32.23,$32.25,$32.2022
04/20/2016,$32.1893,"2,992",$31.895,$32.1893,$31.895
04/19/2016,$31.85,N/A,$31.85,$31.85,$31.85
04/18/2016,$31.85,"1,590",$31.95,$31.95,$31.85
04/15/2016,$31.7999,"1,550",$32.00,$32.00,$31.77
04/14/2016,$31.8766,160,$31.8766,$31.8766,$31.8766
04/13/2016,$31.78,"2,607",$31.10,$32.066,$31.10
04/12/2016,$31.05,"2,682",$31.12,$31.2816,$31.00
04/11/2016,$31.409,"3,255",$31.81,$32.30,$31.40
04/08/2016,$31.78,368,$31.77,$31.78,$31.77
04/07/2016,$31.75,904,$31.78,$31.78,$31.75
04/06/2016,$31.519,N/A,$31.519,$31.519,$31.519
04/05/2016,$31.519,N/A,$31.519,$31.519,$31.519
04/04/2016,$31.519,"1,347",$31.00,$31.519,$31.00
04/01/2016,$31.7958,211,$31.7958,$31.7958,$31.7958
03/31/2016,$30.91,600,$31.805,$31.8058,$30.90
03/30/2016,$31.945,100,$31.945,$31.945,$31.945
03/29/2016,$31.2875,550,$31.2875,$31.2875,$31.2875
03/28/2016,$31.65,"1,935",$30.50,$31.65,$30.50
03/24/2016,$30.40,"3,049",$30.46,$30.68,$30.40
03/23/2016,$30.737,"2,415",$31.01,$31.01,$30.73
03/22/2016,$30.50,"6,167",$30.65,$31.009,$30.40
03/21/2016,$30.92,"1,000",$31.01,$31.01,$30.65
03/18/2016,$31.00,"1,482",$30.9452,$31.01,$30.938
03/17/2016,$31.0157,"2,977",$30.65,$31.0157,$30.61
03/16/2016,$30.55,"1,830",$30.40,$30.65,$30.40
03/15/2016,$30.41,"1,450",$30.4649,$30.4652,$30.41
03/14/2016,$30.6499,N/A,$30.6499,$30.6499,$30.6499
03/11/2016,$30.6499,899,$30.62,$30.65,$30.62
03/10/2016,$30.90,100,$30.90,$30.90,$30.90
03/09/2016,$30.40,210,$30.40,$30.40,$30.40
03/08/2016,$30.703,100,$30.703,$30.703,$30.703
03/07/2016,$30.70,"2,067",$30.55,$30.70,$30.50
03/04/2016,$30.5848,661,$30.6199,$30.6199,$30.5848
03/03/2016,$30.3032,N/A,$30.3032,$30.3032,$30.3032
03/02/2016,$30.3032,N/A,$30.3032,$30.3032,$30.3032
03/01/2016,$30.3032,100,$30.3032,$30.3032,$30.3032
02/29/2016,$30.40,200,$30.40,$30.40,$30.40
02/26/2016,$30.598,"2,480",$30.3999,$30.598,$30.3483
02/25/2016,$30.3468,"1,228",$30.30,$30.40,$30.30
02/24/2016,$30.3295,N/A,$30.3295,$30.3295,$30.3295
02/23/2016,$30.3295,901,$30.3295,$30.3295,$30.3295
02/22/2016,$30.35,N/A,$30.35,$30.35,$30.35
02/19/2016,$30.35,400,$30.62,$30.62,$30.26
02/18/2016,$30.60,425,$30.6232,$30.6232,$30.60
02/17/2016,$30.65,N/A,$30.65,$30.65,$30.65
02/16/2016,$30.65,"2,500",$30.50,$30.95,$30.50
02/12/2016,$30.50,N/A,$30.50,$30.50,$30.50
02/11/2016,$30.50,862,$30.50,$30.50,$30.50
02/10/2016,$30.6138,N/A,$30.6138,$30.6138,$30.6138
02/09/2016,$30.6138,560,$30.54,$30.6138,$30.54
02/08/2016,$30.50,467,$30.50,$30.56,$30.50
02/05/2016,$30.489,"2,528",$30.30,$30.75,$30.30
02/04/2016,$30.9154,423,$30.9154,$30.9154,$30.9154
02/03/2016,$30.969,936,$30.70,$30.969,$30.70
02/02/2016,$30.626,"2,222",$30.85,$30.85,$30.37
02/01/2016,$30.75,300,$30.73,$30.75,$30.73
01/29/2016,$30.7439,448,$30.8258,$30.8258,$30.459
01/28/2016,$30.629,"2,220",$30.9373,$30.9373,$30.25
01/27/2016,$30.6679,"2,164",$31.39,$31.41,$30.65
01/26/2016,$30.982,"2,697",$31.00,$31.00,$30.66
01/25/2016,$30.9855,N/A,$30.9855,$30.9855,$30.9855
01/22/2016,$30.9855,N/A,$30.9855,$30.9855,$30.9855
01/21/2016,$30.9855,N/A,$30.9855,$30.9855,$30.9855
01/20/2016,$30.9855,"1,575",$31.25,$31.25,$30.94
01/19/2016,$31.12,"2,444",$30.94,$31.19,$30.94
01/15/2016,$30.9443,"2,258",$31.00,$31.00,$30.9443
01/14/2016,$30.6692,615,$30.6692,$30.6692,$30.6692
01/13/2016,$30.859,"1,165",$30.7767,$30.859,$30.7767
01/12/2016,$30.9999,"2,780",$31.24,$31.25,$30.60
01/11/2016,$31.03,"1,899",$31.00,$31.05,$30.55
01/08/2016,$30.97,100,$30.97,$30.97,$30.97
01/07/2016,$30.92,400,$31.00,$31.00,$30.92
01/06/2016,$31.05,"1,857",$30.96,$31.05,$30.77
01/05/2016,$30.73,"2,827",$31.00,$31.1458,$30.73
01/04/2016,$30.9925,"3,718",$31.00,$31.00,$30.55
12/31/2015,$31.25,N/A,$31.25,$31.25,$31.25
12/30/2015,$31.25,"1,114",$31.045,$31.68,$31.045
12/29/2015,$30.27,"2,784",$30.96,$30.97,$30.27
12/28/2015,$31.924,314,$31.45,$31.924,$31.45
12/24/2015,$31.2383,N/A,$31.2383,$31.2383,$31.2383
12/23/2015,$31.2383,"1,274",$31.33,$31.33,$31.23
12/22/2015,$32.2499,186,$32.2499,$32.2499,$32.2499
12/21/2015,$31.50,600,$31.1501,$31.50,$31.1501
12/18/2015,$31.1501,"2,053",$31.38,$31.50,$31.1501
12/17/2015,$31.155,569,$31.20,$31.209,$31.155
12/16/2015,$31.2101,"1,022",$31.2001,$31.23,$31.2001
12/15/2015,$31.38,783,$31.40,$31.40,$31.38
12/14/2015,$31.491,"1,500",$31.49,$31.50,$31.46
12/11/2015,$31.628,720,$31.259,$31.628,$31.25
12/10/2015,$31.35,N/A,$31.35,$31.35,$31.35
12/09/2015,$31.35,"1,233",$31.35,$31.365,$31.35
12/08/2015,$31.40,"2,722",$32.26,$32.275,$31.40
12/07/2015,$31.411,"1,288",$31.411,$31.411,$31.411
12/04/2015,$31.4245,"3,508",$31.601,$31.62,$31.411
12/03/2015,$31.76,"1,700",$31.88,$31.88,$31.75
12/02/2015,$31.65,580,$31.48,$31.739,$31.48
12/01/2015,$31.41,"1,660",$31.41,$31.75,$31.41
11/30/2015,$31.7465,"1,261",$31.77,$31.77,$31.40
11/27/2015,$31.8899,N/A,$31.8899,$31.8899,$31.8899
11/25/2015,$31.8899,"1,200",$31.50,$31.8899,$31.50
11/24/2015,$31.734,"2,000",$31.5001,$31.88,$31.5001
11/23/2015,$31.741,"9,795",$31.74,$31.75,$31.551
11/20/2015,$31.67,"2,384",$31.75,$31.75,$31.50
11/19/2015,$31.40,"1,578",$31.501,$31.66,$31.40
11/18/2015,$31.67,N/A,$31.67,$31.67,$31.67
11/17/2015,$31.67,100,$31.67,$31.67,$31.67
11/16/2015,$31.75,"1,467",$31.61,$32.369,$31.59
11/13/2015,$32.20,"1,588",$32.26,$32.40,$32.20
11/12/2015,$32.40,200,$32.391,$32.40,$32.391
11/11/2015,$32.11,482,$32.11,$32.11,$32.11
11/10/2015,$32.15,"8,344",$32.31,$32.40,$32.10
11/09/2015,$32.32,N/A,$32.32,$32.32,$32.32
11/06/2015,$32.32,"1,505",$32.12,$32.32,$31.711
11/05/2015,$32.00,"4,374",$32.0001,$32.30,$32.00
11/04/2015,$32.0001,"1,000",$32.00,$32.0001,$32.00
11/03/2015,$32.19,N/A,$32.19,$32.19,$32.19
11/02/2015,$32.19,N/A,$32.19,$32.19,$32.19
10/30/2015,$32.19,600,$32.20,$32.20,$31.327
10/29/2015,$32.25,"2,055",$31.49,$32.9626,$31.49
10/28/2015,$31.49,N/A,$31.49,$31.49,$31.49
10/27/2015,$31.49,"3,472",$31.25,$31.49,$31.25
10/26/2015,$31.47,310,$31.48,$31.48,$31.47
10/23/2015,$31.05,"2,637",$30.80,$31.05,$30.52
10/22/2015,$30.8853,748,$30.9396,$30.9396,$30.8853
10/21/2015,$30.975,"1,050",$30.97,$30.975,$30.82
10/20/2015,$30.923,"1,876",$30.96,$30.97,$30.923
10/19/2015,$30.46,"1,144",$30.42,$30.466,$30.42
10/16/2015,$30.66,"4,270",$30.9365,$30.9365,$30.478
10/15/2015,$30.30,"1,120",$30.35,$30.35,$30.30
10/14/2015,$30.4201,N/A,$30.4201,$30.4201,$30.4201
10/13/2015,$30.4201,337,$30.4201,$30.4201,$30.4201
10/12/2015,$31.0399,745,$31.03,$31.0399,$31.03
10/09/2015,$30.20,N/A,$30.20,$30.20,$30.20
10/08/2015,$30.20,"1,033",$31.05,$31.05,$30.16
10/07/2015,$30.11,"2,202",$30.70,$30.70,$30.10
10/06/2015,$30.71,"1,826",$30.69,$30.71,$30.69
10/05/2015,$30.4452,636,$30.4403,$30.4452,$30.4403
10/02/2015,$30.2949,"1,330",$30.49,$30.69,$30.2949
10/01/2015,$30.00,N/A,$30.00,$30.00,$30.00
09/30/2015,$30.00,610,$30.00,$30.01,$29.60
09/29/2015,$30.30,200,$30.30,$30.30,$30.30
09/28/2015,$30.30,N/A,$30.30,$30.30,$30.30
09/25/2015,$30.30,295,$30.30,$30.30,$30.30
09/24/2015,$30.21,"1,092",$30.49,$30.49,$30.17
09/23/2015,$30.30,"1,470",$30.28,$30.30,$30.25
09/22/2015,$30.67,200,$30.67,$30.67,$30.67
09/21/2015,$30.27,204,$30.27,$30.27,$30.27
09/18/2015,$30.48,300,$30.25,$30.48,$30.25
09/17/2015,$30.65,775,$30.23,$30.65,$30.23
09/16/2015,$30.70,"1,200",$30.25,$30.74,$30.25
09/15/2015,$30.03,800,$30.25,$30.25,$30.03
09/14/2015,$30.75,N/A,$30.75,$30.75,$30.75
09/11/2015,$30.75,500,$30.75,$30.75,$30.75
09/10/2015,$30.55,"1,565",$30.50,$30.624,$30.36
09/09/2015,$30.00,"3,251",$30.56,$30.56,$30.00
09/08/2015,$30.28,810,$30.31,$30.31,$30.28
09/04/2015,$30.40,700,$30.40,$30.41,$30.40
09/03/2015,$30.51,"1,351",$30.58,$30.58,$30.51
09/02/2015,$31.218,417,$31.218,$31.218,$31.218
09/01/2015,$31.50,"1,410",$31.50,$31.50,$31.50
08/31/2015,$31.294,598,$31.294,$31.294,$31.294
08/28/2015,$30.80,"1,850",$30.80,$30.80,$30.401
08/27/2015,$30.85,"1,262",$31.11,$31.11,$30.85
08/26/2015,$31.05,"1,548",$32.0042,$32.0042,$31.05
08/25/2015,$32.13,453,$32.09,$32.13,$32.00
08/24/2015,$31.2588,"1,697",$32.14,$32.14,$31.00
08/21/2015,$32.20,700,$32.20,$32.20,$32.20
08/20/2015,$32.20,"1,551",$32.38,$32.586,$32.12
08/19/2015,$31.99,"1,345",$31.98,$32.37,$31.98
08/18/2015,$31.54,150,$31.54,$31.54,$31.54
08/17/2015,$31.8799,"1,905",$31.8899,$31.8899,$31.87
08/14/2015,$31.35,"1,631",$31.87,$31.87,$31.35
08/13/2015,$31.30,852,$31.14,$31.60,$31.11
08/12/2015,$31.75,N/A,$31.75,$31.75,$31.75
08/11/2015,$31.75,N/A,$31.75,$31.75,$31.75
08/10/2015,$31.75,334,$31.75,$31.75,$31.75
08/07/2015,$31.778,"1,650",$31.24,$32.00,$31.16
08/06/2015,$31.44,200,$31.38,$31.44,$31.38
08/05/2015,$32.19,500,$32.19,$32.19,$32.19
08/04/2015,$31.335,740,$31.335,$31.335,$31.335
08/03/2015,$31.31,236,$31.31,$31.31,$31.31
07/31/2015,$31.36,"1,600",$31.28,$31.36,$31.24
07/30/2015,$31.75,"1,573",$31.3093,$32.12,$31.3093
07/29/2015,$31.50,725,$31.54,$31.54,$31.24
07/28/2015,$31.55,"1,000",$31.55,$32.45,$31.54
07/27/2015,$32.00,N/A,$32.00,$32.00,$32.00
07/24/2015,$32.00,424,$31.59,$32.00,$31.59
07/23/2015,$31.601,"1,200",$32.30,$32.30,$31.59
07/22/2015,$32.01,"3,450",$32.31,$32.31,$31.54
07/21/2015,$32.31,375,$32.60,$32.60,$32.31
07/20/2015,$32.15,"2,160",$32.26,$32.89,$31.604
07/17/2015,$32.17,"2,400",$31.4655,$32.29,$31.2501
07/16/2015,$30.927,400,$30.927,$30.927,$30.927
07/15/2015,$31.21,N/A,$31.21,$31.21,$31.21
07/14/2015,$31.21,600,$30.78,$31.73,$30.78
07/13/2015,$31.52,"2,500",$31.75,$31.85,$31.52
07/10/2015,$31.75,"3,241",$31.46,$31.75,$30.66
07/09/2015,$31.19,321,$30.5982,$31.19,$30.5982
07/08/2015,$30.55,590,$30.55,$30.56,$30.55
07/07/2015,$30.70,818,$30.70,$30.70,$30.70
07/06/2015,$30.55,"3,756",$30.52,$30.55,$30.52
07/02/2015,$30.10,"1,001",$30.27,$30.55,$30.10
07/01/2015,$30.8972,445,$30.8972,$30.8972,$30.8972
06/30/2015,$30.19,"1,321",$30.02,$30.24,$30.00
06/29/2015,$30.02,750,$30.01,$30.03,$30.01
06/26/2015,$30.52,405,$31.11,$31.11,$30.25
06/25/2015,$31.50,350,$31.48,$31.50,$31.48
06/24/2015,$31.57,N/A,$31.57,$31.57,$31.57
06/23/2015,$31.57,"1,730",$30.45,$32.029,$30.45
06/22/2015,$30.99,"2,524",$31.01,$31.205,$30.71
06/19/2015,$31.88,"1,324",$31.60,$31.88,$31.60
06/18/2015,$31.8001,419,$31.80,$31.8001,$31.80
06/17/2015,$31.80,720,$31.80,$31.80,$31.80
06/16/2015,$31.85,200,$31.60,$31.85,$31.60
06/15/2015,$31.6775,"2,286",$31.61,$31.81,$31.60
06/12/2015,$31.641,"3,091",$31.641,$31.641,$31.60
06/11/2015,$32.1999,N/A,$32.1999,$32.1999,$32.1999
06/10/2015,$32.1999,N/A,$32.1999,$32.1999,$32.1999
06/09/2015,$32.1999,"3,850",$32.72,$32.72,$31.75
06/08/2015,$32.34,"4,950",$32.14,$32.34,$32.14
06/05/2015,$32.15,"5,919",$31.70,$32.15,$31.70
06/04/2015,$30.96,150,$30.96,$30.96,$30.96
06/03/2015,$31.62,"16,205",$30.67,$31.73,$30.40
06/02/2015,$30.40,"2,492",$30.30,$30.40,$30.225
06/01/2015,$30.34,"1,019",$30.30,$30.34,$30.28
05/29/2015,$30.29,200,$30.29,$30.29,$30.29
05/28/2015,$30.067,"3,430",$30.20,$30.343,$30.0001
05/27/2015,$30.22,"3,750",$29.90,$30.22,$29.90
05/26/2015,$29.75,"6,785",$29.81,$30.099,$29.65
05/22/2015,$29.81,"2,726",$29.794,$29.88,$29.794
05/21/2015,$29.91,444,$29.91,$29.91,$29.68
05/20/2015,$29.91,"16,997",$30.24,$30.25,$29.82
05/19/2015,$29.95,"6,250",$29.92,$30.249,$29.92
05/18/2015,$29.82,"8,719",$29.98,$30.299,$29.82
05/15/2015,$29.92,344,$29.90,$29.92,$29.90
05/14/2015,$29.54,"3,746",$29.51,$29.99,$29.38
05/13/2015,$29.899,"23,474",$29.93,$30.10,$29.50
05/12/2015,$29.90,768,$30.09,$30.09,$29.90
05/11/2015,$29.82,"24,030",$30.64,$30.64,$29.81
05/08/2015,$29.81,"15,170",$30.289,$30.68,$29.71
05/07/2015,$30.00,"2,080",$30.098,$30.1168,$30.00
05/06/2015,$30.22,"13,015",$29.71,$30.64,$29.71
05/05/2015,$29.769,"7,019",$30.00,$30.30,$29.71
05/04/2015,$29.99,"3,095",$29.88,$30.00,$29.79
05/01/2015,$29.60,"41,396",$30.23,$30.25,$29.60
04/30/2015,$30.99,"9,644",$30.70,$30.99,$29.19
04/29/2015,$30.70,"3,265",$31.05,$31.32,$30.70
04/28/2015,$31.02,"5,172",$31.34,$32.06,$31.00
04/27/2015,$32.65,100,$32.65,$32.65,$32.65
04/24/2015,$32.65,324,$31.62,$32.65,$31.62
04/23/2015,$32.77,812,$31.90,$32.77,$31.90
04/22/2015,$32.93,"1,250",$31.275,$32.93,$31.275
04/21/2015,$31.509,795,$31.50,$31.595,$31.50
04/20/2015,$31.50,N/A,$31.50,$31.50,$31.50
04/17/2015,$31.50,887,$31.47,$32.11,$31.47
04/16/2015,$31.50,"3,026",$31.84,$31.84,$31.50
04/15/2015,$32.00,"1,633",$32.16,$32.16,$32.00
04/14/2015,$32.241,"1,900",$32.28,$32.916,$32.24
04/13/2015,$32.26,"4,071",$33.70,$33.70,$31.83
04/10/2015,$33.20,"4,907",$32.20,$33.95,$32.20
04/09/2015,$32.35,980,$32.65,$32.65,$32.35
04/08/2015,$31.90,N/A,$31.90,$31.90,$31.90
04/07/2015,$31.90,600,$31.77,$31.91,$31.77
04/06/2015,$31.76,"4,596",$31.58,$32.66,$31.58
04/02/2015,$31.55,"2,580",$31.22,$31.55,$31.22
04/01/2015,$31.3635,369,$31.22,$31.3635,$31.22
03/31/2015,$31.21,"3,308",$31.25,$31.62,$31.21
03/30/2015,$31.60,"3,069",$31.50,$31.64,$31.50
03/27/2015,$31.20,165,$31.20,$31.20,$31.20
03/26/2015,$31.15,N/A,$31.15,$31.15,$31.15
03/25/2015,$31.15,"1,438",$31.37,$31.547,$31.15
03/24/2015,$31.26,"2,840",$31.50,$31.50,$31.25
03/23/2015,$31.60,"2,300",$31.599,$31.60,$31.599
03/20/2015,$31.05,208,$31.05,$31.05,$31.05
03/19/2015,$31.05,"1,160",$31.40,$31.40,$31.05
03/18/2015,$31.436,827,$31.35,$31.436,$31.35
03/17/2015,$31.64,N/A,$31.64,$31.64,$31.64
03/16/2015,$31.64,"2,260",$31.311,$31.64,$31.311
03/13/2015,$31.5999,N/A,$31.5999,$31.5999,$31.5999
03/12/2015,$31.5999,"1,110",$31.5999,$31.5999,$31.5999
03/11/2015,$31.62,447,$31.60,$31.62,$31.60
03/10/2015,$31.31,N/A,$31.31,$31.31,$31.31
03/09/2015,$31.31,397,$31.40,$31.40,$31.31
03/06/2015,$31.35,"1,118",$31.50,$31.50,$31.35
03/05/2015,$31.576,501,$31.54,$31.576,$31.52
03/04/2015,$31.685,N/A,$31.685,$31.685,$31.685
03/03/2015,$31.685,"1,025",$31.6895,$31.6895,$31.685
03/02/2015,$31.62,537,$31.50,$31.62,$31.50
02/27/2015,$31.61,281,$31.6715,$31.6715,$31.61
02/26/2015,$31.70,N/A,$31.70,$31.70,$31.70
02/25/2015,$31.70,860,$31.65,$31.7173,$31.65
02/24/2015,$31.55,"1,068",$31.55,$31.55,$31.55
02/23/2015,$31.74,701,$31.501,$31.74,$31.50
02/20/2015,$31.75,"3,001",$31.70,$31.75,$31.60
02/19/2015,$31.659,"2,600",$31.84,$31.84,$31.60
02/18/2015,$32.13,"1,060",$31.58,$32.13,$31.45
02/17/2015,$31.8565,"1,100",$31.611,$31.8565,$31.61
02/13/2015,$31.873,N/A,$31.873,$31.873,$31.873
02/12/2015,$31.873,650,$31.604,$31.873,$31.604
02/11/2015,$32.00,"1,261",$32.009,$32.009,$32.00
02/10/2015,$31.56,802,$31.56,$31.56,$31.56
02/09/2015,$32.10,101,$32.10,$32.10,$32.10
02/06/2015,$32.10,"1,000",$32.15,$32.15,$32.08
02/05/2015,$31.50,"1,654",$31.794,$32.10,$31.50
02/04/2015,$32.14,703,$31.82,$32.14,$31.82
02/03/2015,$31.12,"2,041",$31.50,$31.71,$30.98
02/02/2015,$32.65,700,$32.65,$32.65,$32.65
01/30/2015,$32.60,"1,276",$32.64,$32.65,$32.60
01/29/2015,$30.75,"2,668",$30.47,$30.75,$30.47
01/28/2015,$32.11,560,$32.11,$32.11,$32.11
01/27/2015,$32.1699,663,$30.78,$32.1699,$30.78
01/26/2015,$30.7801,204,$30.7801,$30.7801,$30.7801
01/23/2015,$31.40,766,$31.40,$31.40,$31.40
01/22/2015,$31.50,N/A,$31.50,$31.50,$31.50
01/21/2015,$31.50,N/A,$31.50,$31.50,$31.50
01/20/2015,$31.50,N/A,$31.50,$31.50,$31.50
01/16/2015,$31.50,N/A,$31.50,$31.50,$31.50
01/15/2015,$31.50,750,$31.50,$31.50,$31.50
01/14/2015,$31.50,668,$31.74,$31.74,$31.50
01/13/2015,$31.74,100,$31.74,$31.74,$31.74
01/12/2015,$31.7499,N/A,$31.7499,$31.7499,$31.7499
01/09/2015,$31.7499,N/A,$31.7499,$31.7499,$31.7499
01/08/2015,$31.7499,"1,678",$31.7664,$31.966,$31.7499
01/07/2015,$32.10,100,$32.10,$32.10,$32.10
01/06/2015,$32.10,870,$31.75,$32.10,$31.5592
01/05/2015,$32.12,"1,876",$32.25,$32.25,$31.86
01/02/2015,$32.01,232,$32.01,$32.01,$32.01
12/31/2014,$32.0273,839,$32.20,$32.20,$32.0273
12/30/2014,$32.34,531,$32.34,$32.34,$32.34
12/29/2014,$32.75,714,$32.799,$32.799,$32.75
12/26/2014,$32.85,"1,836",$32.649,$32.86,$32.345
12/24/2014,$32.15,500,$32.15,$32.15,$32.15
12/23/2014,$31.9001,"1,280",$31.90,$31.95,$31.90
12/22/2014,$31.652,990,$31.842,$31.90,$31.652
12/19/2014,$31.75,"1,288",$31.69,$31.75,$31.69
12/18/2014,$31.30,791,$31.30,$31.30,$31.30
12/17/2014,$31.74,"1,773",$31.72,$31.74,$31.72
12/16/2014,$31.7399,520,$31.7499,$31.7499,$31.72
12/15/2014,$31.75,183,$31.75,$31.75,$31.75
12/12/2014,$31.6399,"1,384",$31.16,$31.6399,$31.16
12/11/2014,$31.17,880,$31.19,$31.19,$31.17
12/10/2014,$31.376,760,$31.17,$31.53,$31.17
12/09/2014,$31.4235,947,$31.75,$31.7699,$31.4235
12/08/2014,$31.75,"2,339",$31.72,$31.75,$31.38
12/05/2014,$31.70,N/A,$31.70,$31.70,$31.70
12/04/2014,$31.70,"1,350",$31.23,$31.70,$31.23
12/03/2014,$31.70,"2,250",$31.7399,$31.7399,$31.191
12/02/2014,$31.14,"1,613",$31.73,$31.75,$31.14
12/01/2014,$31.7199,"1,780",$31.75,$31.75,$31.17
11/28/2014,$31.48,570,$31.7499,$31.7499,$31.48
11/26/2014,$31.74,796,$31.75,$31.75,$31.62
11/25/2014,$31.72,"3,886",$31.521,$31.74,$31.521
11/24/2014,$31.50,"3,358",$31.128,$31.50,$31.128
11/21/2014,$31.05,N/A,$31.05,$31.05,$31.05
11/20/2014,$31.05,201,$31.05,$31.05,$31.05
11/19/2014,$31.025,"1,083",$31.00,$31.025,$31.00
11/18/2014,$30.90,465,$30.90,$30.90,$30.90
11/17/2014,$31.011,"1,603",$31.339,$31.34,$31.011
11/14/2014,$31.00,"2,297",$30.86,$31.00,$30.85
11/13/2014,$30.86,730,$30.81,$31.30,$30.81
11/12/2014,$31.34,"6,507",$30.76,$31.50,$30.70
11/11/2014,$30.69,100,$30.69,$30.69,$30.69
11/10/2014,$30.7606,N/A,$30.7606,$30.7606,$30.7606
11/07/2014,$30.7606,217,$30.906,$30.906,$30.7606
11/06/2014,$30.96,"2,010",$30.959,$30.96,$30.959
11/05/2014,$30.65,700,$30.651,$30.651,$30.65
11/04/2014,$30.681,532,$30.681,$30.681,$30.681
11/03/2014,$30.57,N/A,$30.57,$30.57,$30.57
10/31/2014,$30.57,"1,705",$30.61,$30.90,$30.56
10/30/2014,$30.94,"1,180",$30.63,$30.94,$30.61
10/29/2014,$30.62,N/A,$30.62,$30.62,$30.62
10/28/2014,$30.62,569,$30.94,$30.94,$30.61
10/27/2014,$30.8192,545,$30.66,$30.8192,$30.66
10/24/2014,$30.93,587,$30.99,$30.99,$30.93
10/23/2014,$30.55,362,$30.697,$30.697,$30.50
10/22/2014,$30.49,976,$30.41,$30.49,$30.36
10/21/2014,$30.37,696,$31.00,$31.00,$30.36
10/20/2014,$30.36,"3,096",$30.80,$30.99,$30.36
10/17/2014,$30.52,"20,024",$30.47,$30.95,$30.39
10/16/2014,$30.41,150,$30.41,$30.41,$30.41
10/15/2014,$30.416,"1,664",$30.55,$30.55,$30.416
10/14/2014,$30.642,"3,317",$30.62,$30.667,$30.55
10/13/2014,$30.60,194,$30.60,$30.60,$30.60
10/10/2014,$30.68,208,$30.68,$30.68,$30.68
10/09/2014,$30.60,"1,961",$30.657,$30.6602,$30.60
10/08/2014,$30.68,"1,021",$30.92,$30.92,$30.68
10/07/2014,$30.90,"1,310",$30.7525,$30.90,$30.7525
10/06/2014,$30.698,N/A,$30.698,$30.698,$30.698
10/03/2014,$30.698,"1,191",$30.68,$30.698,$30.65
10/02/2014,$30.90,675,$30.90,$30.90,$30.90
10/01/2014,$30.68,811,$30.68,$30.68,$30.68
09/30/2014,$31.25,405,$31.241,$31.25,$31.241
09/29/2014,$30.67,"1,575",$30.71,$30.90,$30.6505
09/26/2014,$30.926,254,$30.926,$30.926,$30.926
09/25/2014,$30.75,"1,356",$30.931,$30.94,$30.66
09/24/2014,$30.7184,N/A,$30.7184,$30.7184,$30.7184
09/23/2014,$30.7184,101,$30.7184,$30.7184,$30.7184
09/22/2014,$31.12,N/A,$31.12,$31.12,$31.12
09/19/2014,$31.12,214,$31.12,$31.12,$31.12
09/18/2014,$30.72,N/A,$30.72,$30.72,$30.72
09/17/2014,$30.72,N/A,$30.72,$30.72,$30.72
09/16/2014,$30.72,528,$30.75,$30.75,$30.72
09/15/2014,$30.76,"1,500",$30.98,$30.98,$30.76
09/12/2014,$30.84,N/A,$30.84,$30.84,$30.84
09/11/2014,$30.84,N/A,$30.84,$30.84,$30.84
09/10/2014,$30.84,401,$30.84,$30.84,$30.84
09/09/2014,$31.08,N/A,$31.08,$31.08,$31.08
09/08/2014,$31.08,200,$31.00,$31.08,$31.00
09/05/2014,$31.00,"2,114",$30.81,$31.00,$30.81
09/04/2014,$30.82,"1,100",$30.8664,$30.8664,$30.82
09/03/2014,$31.00,"2,013",$30.91,$31.00,$30.80
09/02/2014,$31.96,200,$31.96,$31.96,$31.96
08/29/2014,$31.7499,"7,503",$30.56,$31.75,$30.168
08/28/2014,$30.80,N/A,$30.80,$30.80,$30.80
08/27/2014,$30.80,"1,150",$30.47,$30.80,$30.46
08/26/2014,$30.37,"7,000",$30.65,$30.918,$30.05
08/25/2014,$31.348,"1,048",$31.348,$31.348,$31.348
08/22/2014,$31.32,105,$31.32,$31.32,$31.32
08/21/2014,$31.00,N/A,$31.00,$31.00,$31.00
08/20/2014,$31.00,"5,736",$31.10,$31.14,$30.99
08/19/2014,$30.77,822,$30.75,$30.77,$30.75
08/18/2014,$30.57,"2,707",$31.06,$31.75,$30.57
08/15/2014,$30.65,405,$30.65,$30.65,$30.65
08/14/2014,$30.94,"1,901",$30.85,$30.965,$30.80
08/13/2014,$31.06,"9,860",$30.76,$31.20,$30.76
08/12/2014,$30.13,N/A,$30.13,$30.13,$30.13
08/11/2014,$30.13,N/A,$30.13,$30.13,$30.13
08/08/2014,$30.13,"1,201",$30.08,$30.13,$29.62
08/07/2014,$30.09,460,$29.7995,$30.30,$29.7995
08/06/2014,$30.28,N/A,$30.28,$30.28,$30.28
08/05/2014,$30.28,"1,017",$30.30,$30.30,$30.28
08/04/2014,$30.31,775,$30.25,$30.31,$30.101
08/01/2014,$30.25,"2,665",$30.00,$30.2501,$30.00
07/31/2014,$30.15,"2,665",$29.79,$30.15,$29.75
07/30/2014,$30.15,N/A,$30.15,$30.15,$30.15
07/29/2014,$30.15,"1,915",$29.91,$30.15,$29.89
07/28/2014,$30.127,200,$30.127,$30.127,$30.127
07/25/2014,$30.19,"4,380",$30.03,$30.19,$30.01
07/24/2014,$29.89,"1,190",$29.9699,$30.1186,$29.89
07/23/2014,$29.40,"1,851",$29.70,$30.18,$29.40
07/22/2014,$29.81,100,$29.81,$29.81,$29.81
07/21/2014,$29.8212,527,$29.8212,$29.8212,$29.8212
07/18/2014,$30.1523,"2,506",$30.00,$30.1523,$29.81
07/17/2014,$30.05,"6,334",$30.11,$30.22,$30.05
07/16/2014,$30.2158,"1,400",$30.2158,$30.2158,$30.2158
07/15/2014,$30.10,"1,416",$30.10,$30.11,$30.10
07/14/2014,$30.08,"1,805",$30.43,$30.43,$30.07
07/11/2014,$30.46,N/A,$30.46,$30.46,$30.46
07/10/2014,$30.46,397,$30.4632,$30.4632,$30.46
07/09/2014,$30.342,"1,518",$30.33,$30.342,$30.31
07/08/2014,$30.33,952,$30.7599,$30.7599,$30.33
07/07/2014,$30.67,400,$30.79,$30.79,$30.67
07/03/2014,$30.45,"1,227",$30.50,$30.50,$30.06
07/02/2014,$30.59,503,$29.90,$30.77,$29.90
07/01/2014,$30.8499,564,$30.85,$30.85,$30.8499
06/30/2014,$30.01,N/A,$30.01,$30.01,$30.01
06/27/2014,$30.01,"2,011",$30.00,$30.03,$29.73
06/26/2014,$31.00,"6,179",$29.30,$31.15,$29.29
06/25/2014,$30.8001,350,$30.99,$30.99,$30.80
06/24/2014,$30.60,"1,682",$30.989,$30.99,$30.51
06/23/2014,$30.88,"1,245",$30.94,$30.94,$30.70
06/20/2014,$30.989,"2,343",$30.71,$30.99,$30.71
06/19/2014,$30.55,"4,506",$30.86,$30.99,$30.55
06/18/2014,$30.85,"3,157",$30.99,$30.99,$30.85
06/17/2014,$30.69,"1,130",$30.68,$30.84,$30.68
06/16/2014,$30.55,983,$30.401,$30.679,$30.401
06/13/2014,$30.36,"3,798",$30.50,$30.75,$30.32
06/12/2014,$30.69,781,$30.499,$30.69,$30.49
06/11/2014,$30.5001,"2,370",$30.5101,$30.5101,$30.50
06/10/2014,$30.51,"1,946",$30.65,$30.6501,$30.51
06/09/2014,$30.696,250,$30.696,$30.696,$30.696
06/06/2014,$30.54,600,$30.55,$30.56,$30.54
06/05/2014,$30.52,536,$30.5725,$30.5725,$30.52
06/04/2014,$30.6899,"4,584",$30.71,$30.71,$30.57
06/03/2014,$30.6729,"1,377",$30.76,$30.76,$30.64
06/02/2014,$30.80,900,$30.8999,$30.8999,$30.80
05/30/2014,$30.99,715,$30.65,$30.99,$30.61
05/29/2014,$30.52,"6,452",$30.85,$30.85,$30.50
05/28/2014,$31.19,"3,066",$31.19,$31.19,$30.84
05/27/2014,$31.14,662,$31.14,$31.14,$31.14
05/23/2014,$30.98,464,$30.84,$31.074,$30.84
05/22/2014,$31.10,360,$31.0999,$31.10,$31.0999
05/21/2014,$30.79,502,$30.79,$30.79,$30.79
05/20/2014,$31.10,"5,350",$30.56,$31.1892,$30.4285
05/19/2014,$30.37,"4,821",$30.35,$30.80,$30.0336
05/16/2014,$30.75,N/A,$30.75,$30.75,$30.75
05/15/2014,$30.75,285,$30.72,$30.75,$30.72
05/14/2014,$30.4464,"1,870",$30.56,$30.7499,$30.30
05/13/2014,$30.56,975,$30.75,$30.75,$30.56
05/12/2014,$30.5601,480,$30.5601,$30.5601,$30.5601
05/09/2014,$30.57,739,$30.56,$30.75,$30.56
05/08/2014,$30.5525,"1,080",$30.76,$30.80,$30.5525
05/07/2014,$30.30,N/A,$30.30,$30.30,$30.30
05/06/2014,$30.30,757,$30.70,$30.70,$30.30
05/05/2014,$30.5812,N/A,$30.5812,$30.5812,$30.5812
05/02/2014,$30.5812,488,$30.50,$30.5812,$30.50
05/01/2014,$30.28,365,$30.30,$30.30,$30.28
04/30/2014,$30.0999,"1,510",$29.94,$30.158,$29.83
04/29/2014,$30.70,"1,530",$29.91,$30.75,$29.83
04/28/2014,$30.372,811,$30.15,$30.949,$30.15
04/25/2014,$30.15,"6,847",$30.55,$30.55,$29.80
04/24/2014,$30.55,297,$30.55,$30.55,$30.55
04/23/2014,$30.454,N/A,$30.454,$30.454,$30.454
04/22/2014,$30.454,N/A,$30.454,$30.454,$30.454
04/21/2014,$30.454,"1,883",$30.20,$30.454,$30.20
04/17/2014,$30.14,"2,840",$30.32,$30.70,$30.09
04/16/2014,$30.10,N/A,$30.10,$30.10,$30.10
04/15/2014,$30.10,"2,058",$30.33,$30.33,$29.852
04/14/2014,$29.815,667,$29.815,$29.815,$29.815
04/11/2014,$29.90,"1,038",$30.08,$30.08,$29.80
04/10/2014,$30.0899,172,$30.0899,$30.0899,$30.0899
04/09/2014,$30.07,"5,892",$29.93,$30.14,$29.60
04/08/2014,$30.15,305,$30.15,$30.15,$30.15
04/07/2014,$30.15,815,$30.058,$30.15,$30.058
04/04/2014,$29.95,"1,436",$30.00,$30.04,$29.95
04/03/2014,$29.96,"1,501",$29.909,$29.96,$29.81
04/02/2014,$29.82,N/A,$29.82,$29.82,$29.82
04/01/2014,$29.82,282,$29.81,$29.82,$29.81
03/31/2014,$29.81,"1,200",$29.948,$29.95,$29.81
03/28/2014,$29.90,"2,230",$30.25,$30.25,$29.85
03/27/2014,$29.952,500,$29.952,$29.952,$29.952
03/26/2014,$29.811,760,$29.90,$29.90,$29.811
03/25/2014,$30.00,"1,691",$29.90,$30.05,$29.86
03/24/2014,$30.35,779,$30.34,$30.35,$30.34
03/21/2014,$30.47,N/A,$30.47,$30.47,$30.47
03/20/2014,$30.47,N/A,$30.47,$30.47,$30.47
03/19/2014,$30.47,"5,350",$31.30,$31.30,$29.99
03/18/2014,$31.50,"1,061",$31.28,$31.50,$31.28
03/17/2014,$31.26,"1,013",$31.25,$31.295,$31.25
03/14/2014,$31.68,"2,014",$30.91,$31.68,$30.91
03/13/2014,$31.10,103,$31.10,$31.10,$31.10
03/12/2014,$31.10,N/A,$31.10,$31.10,$31.10
03/11/2014,$31.10,252,$31.10,$31.10,$31.10
03/10/2014,$30.6809,"1,446",$31.08,$31.18,$30.6809
03/07/2014,$31.03,293,$31.03,$31.03,$31.03
03/06/2014,$31.08,253,$31.08,$31.08,$31.08
03/05/2014,$31.07,300,$30.5001,$31.07,$30.5001
03/04/2014,$30.424,239,$30.424,$30.424,$30.424
03/03/2014,$30.26,"1,006",$30.25,$30.26,$30.25
