Date,Close,Volume,Open,High,Low
03/01/2024,$22.52,"2,875",$22.05,$22.52,$21.99
02/29/2024,$22.1844,"2,257",$22.03,$22.29,$22.03
02/28/2024,$22.03,674,$21.99,$22.15,$21.99
02/27/2024,$22.05,"1,185",$22.05,$22.27,$21.9901
02/26/2024,$22.05,"7,816",$22.00,$22.30,$22.00
02/23/2024,$21.99,"3,781",$22.09,$22.09,$21.99
02/22/2024,$22.01,"2,983",$22.01,$22.11,$21.99
02/21/2024,$22.01,"1,904",$22.01,$22.01,$22.00
02/20/2024,$22.04,"2,048",$22.26,$22.26,$22.01
02/16/2024,$22.01,644,$22.10,$22.10,$22.01
02/15/2024,$22.05,"3,910",$22.15,$22.244,$22.01
02/14/2024,$22.1705,"2,763",$22.23,$22.2303,$22.16
02/13/2024,$22.23,630,$22.29,$22.29,$22.225
02/12/2024,$22.144,"1,797",$22.0301,$22.30,$22.0301
02/09/2024,$22.03,"7,627",$22.05,$22.2999,$22.01
02/08/2024,$22.30,"1,777",$21.91,$22.33,$21.9001
02/07/2024,$22.18,"2,731",$22.068,$22.20,$22.02
02/06/2024,$21.51,N/A,$21.51,$21.51,$21.51
02/05/2024,$21.51,"4,319",$22.20,$22.58,$21.51
02/02/2024,$22.1612,N/A,$22.1612,$22.1612,$22.1612
02/01/2024,$22.1612,"3,599",$22.13,$22.2478,$21.85
01/31/2024,$22.0301,218,$22.0301,$22.0301,$22.0301
01/30/2024,$22.01,695,$22.0299,$22.0299,$22.01
01/29/2024,$21.94,"1,630",$21.9425,$21.9425,$21.86
01/26/2024,$21.9997,458,$21.85,$21.9997,$21.85
01/25/2024,$21.85,651,$21.85,$21.85,$21.85
01/24/2024,$21.85,"1,170",$21.9785,$21.9785,$21.80
01/23/2024,$21.92,"1,854",$22.02,$22.10,$21.92
01/22/2024,$21.9009,"4,022",$21.90,$22.03,$21.90
01/19/2024,$21.85,"1,123",$21.87,$21.899,$21.82
01/18/2024,$21.70,"1,777",$21.88,$21.99,$21.70
01/17/2024,$21.63,"2,420",$21.72,$21.80,$21.60
01/16/2024,$21.7099,"3,251",$21.72,$21.72,$21.60
01/12/2024,$21.60,"1,592",$21.59,$21.60,$21.59
01/11/2024,$21.35,"8,357",$21.6953,$21.6953,$21.33
01/10/2024,$21.31,"8,381",$21.6199,$21.6199,$21.2592
01/09/2024,$21.60,"1,545",$21.59,$21.78,$21.59
01/08/2024,$21.57,"13,299",$21.65,$21.72,$21.38
01/05/2024,$21.5899,"1,896",$21.50,$21.59,$21.50
01/04/2024,$21.50,"2,467",$21.42,$21.52,$21.40
01/03/2024,$21.52,"8,909",$21.55,$21.60,$21.35
01/02/2024,$21.50,"8,583",$21.38,$21.55,$21.27
12/29/2023,$21.38,"14,181",$21.67,$21.67,$21.20
12/28/2023,$21.55,"6,755",$21.50,$21.60,$21.37
12/27/2023,$21.44,"6,977",$21.25,$21.4967,$21.20
12/26/2023,$21.20,"4,869",$21.29,$21.36,$21.10
12/22/2023,$21.30,"5,917",$21.28,$21.41,$21.01
12/21/2023,$21.50,"6,795",$21.40,$21.63,$21.34
12/20/2023,$21.40,"6,661",$21.60,$21.6001,$21.40
12/19/2023,$21.60,"5,012",$21.40,$21.60,$21.40
12/18/2023,$21.40,"6,350",$21.385,$21.48,$21.35
12/15/2023,$21.28,"17,351",$21.255,$21.28,$21.15
12/14/2023,$21.1897,"9,892",$21.20,$21.20,$20.75
12/13/2023,$21.32,"2,707",$21.23,$21.32,$21.14
12/12/2023,$21.2499,"2,661",$21.29,$21.2947,$21.17
12/11/2023,$21.2777,"3,017",$21.25,$21.2777,$21.15
12/08/2023,$21.25,"1,474",$21.25,$21.25,$21.25
12/07/2023,$21.2861,849,$21.29,$21.29,$21.2861
12/06/2023,$21.15,"2,457",$21.06,$21.30,$21.06
12/05/2023,$21.05,"2,275",$20.90,$21.05,$20.90
12/04/2023,$21.00,"7,173",$21.25,$21.2998,$20.99
12/01/2023,$21.31,"7,067",$21.07,$21.31,$21.02
11/30/2023,$21.33,"5,308",$20.88,$21.3599,$20.88
11/29/2023,$20.90,"5,849",$20.9999,$20.9999,$20.75
11/28/2023,$20.94,"4,623",$20.85,$20.975,$20.84
11/27/2023,$20.9501,"3,601",$21.02,$21.06,$20.87
11/24/2023,$21.1152,"1,240",$20.92,$21.17,$20.8201
11/22/2023,$20.72,"1,870",$20.77,$21.19,$20.72
11/21/2023,$20.76,"6,170",$21.10,$21.10,$20.70
11/20/2023,$20.96,"2,266",$21.00,$21.00,$20.78
11/17/2023,$20.83,489,$20.85,$20.85,$20.83
11/16/2023,$20.65,"1,813",$20.85,$20.8501,$20.65
11/15/2023,$20.83,"5,582",$20.925,$21.00,$20.51
11/14/2023,$20.84,"22,460",$20.84,$20.90,$20.51
11/13/2023,$20.51,"5,014",$20.83,$20.91,$20.51
11/10/2023,$20.8273,"16,010",$20.70,$21.03,$20.555
11/09/2023,$20.75,"3,158",$20.89,$20.92,$20.75
11/08/2023,$20.74,"5,058",$20.70,$20.80,$20.70
11/07/2023,$20.87,"11,342",$20.98,$21.00,$20.67
11/06/2023,$20.835,"7,104",$21.01,$21.01,$20.835
11/03/2023,$20.93,"14,306",$21.41,$21.41,$20.86
11/02/2023,$21.00,"4,239",$21.00,$21.00,$20.85
11/01/2023,$20.75,"3,845",$21.01,$21.065,$20.75
10/31/2023,$20.84,"2,914",$20.95,$21.10,$20.78
10/30/2023,$20.80,"6,588",$20.68,$21.01,$20.68
10/27/2023,$20.80,"10,840",$20.94,$21.00,$20.62
10/26/2023,$20.93,"9,341",$20.96,$21.48,$20.85
10/25/2023,$20.81,"2,516",$20.93,$20.9999,$20.81
10/24/2023,$21.04,"11,499",$21.33,$21.42,$20.8001
10/23/2023,$21.213,"5,166",$20.84,$21.284,$20.84
10/20/2023,$20.94,"12,025",$20.88,$21.20,$20.8348
10/19/2023,$20.88,"7,393",$21.13,$21.58,$20.86
10/18/2023,$21.24,"8,927",$21.20,$21.46,$21.1284
10/17/2023,$21.35,"8,215",$21.55,$21.55,$21.20
10/16/2023,$21.50,"6,870",$21.53,$21.57,$21.42
10/13/2023,$21.3081,"10,257",$21.30,$21.48,$21.20
10/12/2023,$21.24,"1,681",$21.25,$21.32,$21.20
10/11/2023,$21.20,"6,002",$21.20,$21.33,$21.14
10/10/2023,$21.20,"1,263",$21.1065,$21.20,$21.1065
10/09/2023,$21.24,"6,076",$21.06,$21.25,$21.06
10/06/2023,$21.06,"3,240",$21.0525,$21.35,$21.0301
10/05/2023,$21.14,"4,506",$21.08,$21.35,$21.0342
10/04/2023,$21.00,"8,135",$21.08,$21.25,$21.00
10/03/2023,$21.14,"6,549",$21.02,$21.17,$20.8641
10/02/2023,$21.19,"9,658",$20.92,$21.36,$20.92
09/29/2023,$21.05,"3,908",$21.05,$21.29,$21.05
09/28/2023,$21.05,"7,023",$21.29,$21.29,$21.00
09/27/2023,$21.1404,"10,360",$21.37,$21.43,$20.98
09/26/2023,$21.30,"3,870",$21.46,$21.46,$21.29
09/25/2023,$21.66,"8,278",$21.75,$21.75,$21.178
09/22/2023,$21.68,"3,009",$21.73,$21.74,$21.60
09/21/2023,$21.57,"9,365",$21.89,$21.89,$21.57
09/20/2023,$21.97,"20,557",$21.97,$22.005,$21.89
09/19/2023,$21.98,"14,298",$21.858,$22.04,$21.71
09/18/2023,$21.85,"5,678",$21.85,$21.85,$21.50
09/15/2023,$21.61,"16,592",$21.68,$21.75,$21.40
09/14/2023,$21.7501,"3,582",$21.86,$21.86,$21.6809
09/13/2023,$22.0344,"8,108",$22.09,$22.24,$22.03
09/12/2023,$22.09,"1,550",$22.02,$22.09,$22.02
09/11/2023,$22.0102,"7,016",$22.08,$22.08,$21.975
09/08/2023,$22.09,"6,667",$21.8164,$22.09,$21.8164
09/07/2023,$21.85,"3,427",$21.875,$21.875,$21.75
09/06/2023,$21.78,"2,060",$21.81,$21.81,$21.76
09/05/2023,$21.62,"4,723",$21.76,$21.76,$21.511
09/01/2023,$21.60,"6,510",$21.87,$21.87,$21.60
08/31/2023,$21.608,"5,013",$21.63,$21.70,$21.47
08/30/2023,$21.86,"12,641",$21.63,$21.88,$21.44
08/29/2023,$21.78,"7,688",$21.711,$21.78,$21.40
08/28/2023,$21.50,"1,724",$21.74,$21.74,$21.50
08/25/2023,$21.38,"6,708",$21.51,$21.75,$21.38
08/24/2023,$21.50,868,$21.4186,$21.50,$21.4186
08/23/2023,$21.44,"48,201",$21.75,$21.75,$21.32
08/22/2023,$21.77,"5,900",$21.35,$21.77,$21.33
08/21/2023,$21.50,"10,767",$21.57,$21.63,$21.195
08/18/2023,$21.33,"4,882",$20.91,$21.33,$20.91
08/17/2023,$21.21,"3,197",$21.25,$21.33,$20.99
08/16/2023,$21.33,"6,678",$21.25,$21.33,$21.08
08/15/2023,$20.91,"4,387",$21.0901,$21.4027,$20.91
08/14/2023,$21.40,"2,011",$21.28,$21.40,$21.20
08/11/2023,$21.12,"10,534",$21.45,$21.45,$20.85
08/10/2023,$21.396,"1,220",$21.50,$21.50,$21.396
08/09/2023,$21.50,"1,499",$21.50,$21.50,$21.29
08/08/2023,$21.36,"1,948",$21.50,$21.50,$21.35
08/07/2023,$21.45,"1,419",$21.30,$21.45,$21.30
08/04/2023,$21.29,"5,558",$21.30,$21.30,$21.1501
08/03/2023,$21.20,"2,468",$21.50,$21.50,$20.85
08/02/2023,$21.165,"10,832",$21.45,$21.50,$21.13
08/01/2023,$21.43,"3,511",$21.48,$21.48,$21.35
07/31/2023,$21.35,"2,716",$21.25,$21.42,$21.25
07/28/2023,$21.2482,"4,550",$20.77,$21.3199,$20.77
07/27/2023,$21.28,"4,736",$21.40,$21.40,$21.20
07/26/2023,$21.20,"3,088",$21.15,$21.30,$21.1026
07/25/2023,$21.15,"1,169",$21.10,$21.15,$21.10
07/24/2023,$21.17,"3,432",$21.10,$21.25,$21.10
07/21/2023,$20.9485,"5,850",$21.14,$21.14,$20.86
07/20/2023,$21.13,"4,539",$21.25,$21.40,$21.07
07/19/2023,$21.33,"3,857",$21.20,$21.33,$21.20
07/18/2023,$21.10,"3,623",$21.07,$21.3849,$21.06
07/17/2023,$21.23,"6,410",$21.48,$21.6947,$21.07
07/14/2023,$21.30,"3,531",$21.04,$21.60,$21.04
07/13/2023,$21.25,"4,154",$21.28,$21.44,$21.24
07/12/2023,$21.2133,"5,884",$21.14,$21.215,$20.94
07/11/2023,$21.14,"6,634",$20.97,$21.16,$20.97
07/10/2023,$20.8983,"5,150",$20.94,$21.015,$20.80
07/07/2023,$20.88,"1,303",$20.85,$20.94,$20.85
07/06/2023,$20.85,"1,724",$20.88,$20.9104,$20.82
07/05/2023,$20.90,"3,321",$20.90,$20.99,$20.76
07/03/2023,$20.90,"3,162",$20.59,$21.13,$20.58
06/30/2023,$20.55,"6,007",$20.86,$20.91,$20.55
06/29/2023,$20.94,"3,673",$21.1026,$21.1135,$20.88
06/28/2023,$20.85,"7,760",$21.33,$21.33,$20.68
06/27/2023,$20.94,"5,930",$20.77,$21.14,$20.61
06/26/2023,$20.94,"6,418",$20.81,$21.12,$20.7974
06/23/2023,$20.81,"4,996",$20.90,$21.00,$20.77
06/22/2023,$20.914,"19,727",$20.67,$21.2001,$20.655
06/21/2023,$20.8499,"4,765",$20.85,$20.85,$20.60
06/20/2023,$20.72,"6,512",$20.59,$20.7999,$20.59
06/16/2023,$20.65,"6,702",$20.61,$20.75,$20.3601
06/15/2023,$20.50,"2,241",$20.71,$20.74,$20.43
06/14/2023,$20.65,"1,283",$20.66,$20.66,$20.47
06/13/2023,$20.80,"4,493",$20.82,$20.85,$20.80
06/12/2023,$20.8699,"5,022",$20.74,$20.8699,$20.63
06/09/2023,$20.74,"1,845",$20.92,$20.92,$20.63
06/08/2023,$20.69,"6,210",$20.61,$20.8116,$20.4677
06/07/2023,$20.71,"5,370",$21.00,$21.01,$20.71
06/06/2023,$20.69,"7,190",$20.50,$20.77,$20.50
06/05/2023,$20.53,"4,694",$20.31,$20.58,$20.31
06/02/2023,$20.31,"14,298",$20.48,$20.55,$20.15
06/01/2023,$20.53,"6,120",$20.29,$20.5399,$20.05
05/31/2023,$20.15,"5,468",$20.5138,$20.5138,$20.10
05/30/2023,$20.15,"4,714",$20.25,$20.41,$20.15
05/26/2023,$20.27,"4,185",$20.20,$20.43,$20.08
05/25/2023,$20.07,"4,428",$20.20,$20.5799,$20.05
05/24/2023,$20.35,"2,032",$20.70,$20.70,$20.22
05/23/2023,$20.20,"7,433",$20.52,$20.59,$20.20
05/22/2023,$20.16,"13,442",$20.13,$20.71,$20.09
05/19/2023,$20.40,"4,567",$20.30,$20.40,$20.18
05/18/2023,$20.22,"9,508",$20.4899,$20.4899,$20.20
05/17/2023,$20.50,"1,860",$20.55,$20.62,$20.50
05/16/2023,$20.57,"2,042",$20.50,$20.57,$20.50
05/15/2023,$20.50,"5,304",$20.668,$20.668,$20.50
05/12/2023,$20.65,"1,390",$20.50,$20.65,$20.50
05/11/2023,$20.59,"3,122",$20.60,$20.635,$20.50
05/10/2023,$20.69,"4,149",$20.548,$20.69,$20.51
05/09/2023,$20.51,"1,875",$20.70,$20.70,$20.51
05/08/2023,$20.6401,"3,280",$20.42,$20.78,$20.42
05/05/2023,$20.42,"3,727",$20.85,$20.87,$20.42
05/04/2023,$20.45,"4,009",$20.54,$20.66,$20.404
05/03/2023,$20.61,"3,239",$20.41,$20.65,$20.4025
05/02/2023,$20.53,"4,112",$20.60,$20.60,$20.46
05/01/2023,$20.64,"4,581",$20.78,$20.8899,$20.62
04/28/2023,$20.78,"1,121",$20.78,$20.78,$20.74
04/27/2023,$20.70,424,$20.51,$20.70,$20.51
04/26/2023,$20.67,790,$20.69,$20.70,$20.50
04/25/2023,$20.70,"1,727",$20.85,$20.85,$20.51
04/24/2023,$20.8499,"3,717",$20.55,$20.85,$20.481
04/21/2023,$20.55,"5,635",$20.60,$20.60,$20.20
04/20/2023,$20.5699,"4,783",$20.405,$20.60,$20.3522
04/19/2023,$20.60,"4,949",$20.52,$20.90,$20.14
04/18/2023,$20.35,"2,487",$20.225,$20.35,$20.11
04/17/2023,$20.24,"4,355",$20.20,$20.24,$20.10
04/14/2023,$20.20,"6,575",$20.20,$20.2399,$19.9197
04/13/2023,$20.28,"3,631",$20.35,$20.4299,$20.10
04/12/2023,$20.45,"35,910",$20.50,$20.50,$20.01
04/11/2023,$20.50,"3,861",$20.75,$20.75,$19.90
04/10/2023,$20.50,"3,779",$20.35,$20.75,$20.30
04/06/2023,$20.25,"3,298",$20.60,$20.60,$20.25
04/05/2023,$20.45,"5,606",$21.055,$21.28,$20.45
04/04/2023,$20.78,"10,414",$21.45,$21.96,$20.25
04/03/2023,$20.20,"16,348",$20.25,$20.5711,$19.87
03/31/2023,$20.15,"17,144",$19.53,$20.5999,$19.53
03/30/2023,$19.61,"13,576",$19.97,$19.97,$19.54
03/29/2023,$19.66,"13,147",$19.71,$20.00,$19.57
03/28/2023,$19.96,"20,985",$20.16,$20.27,$19.55
03/27/2023,$20.40,"16,849",$20.00,$20.84,$19.79
03/24/2023,$19.99,"43,221",$19.61,$20.05,$19.39
03/23/2023,$19.77,"9,427",$19.51,$20.01,$19.51
03/22/2023,$19.75,"6,397",$19.61,$20.041,$19.61
03/21/2023,$19.60,"17,032",$20.22,$20.22,$19.439
03/20/2023,$19.60,"5,646",$20.04,$20.04,$19.60
03/17/2023,$19.51,"12,491",$20.26,$20.35,$19.25
03/16/2023,$20.25,"4,376",$20.25,$20.402,$20.15
03/15/2023,$20.10,"14,280",$20.58,$20.58,$19.92
03/14/2023,$20.66,"21,124",$20.30,$20.88,$20.175
03/13/2023,$20.3701,"17,234",$20.58,$20.7987,$20.00
03/10/2023,$20.63,"9,820",$21.30,$21.32,$20.63
03/09/2023,$20.64,"5,029",$20.76,$20.80,$20.64
03/08/2023,$20.75,"12,283",$20.83,$20.84,$20.74
03/07/2023,$20.89,"3,236",$20.99,$20.99,$20.89
03/06/2023,$20.9487,"9,069",$20.96,$21.00,$20.9487
03/03/2023,$20.95,"17,769",$21.00,$21.12,$20.7892
03/02/2023,$20.74,"18,741",$20.78,$20.78,$20.715
03/01/2023,$20.90,"14,371",$20.95,$20.95,$20.75
02/28/2023,$20.95,"11,312",$21.00,$21.00,$20.869
02/27/2023,$21.05,"10,277",$21.77,$21.77,$20.84
02/24/2023,$21.35,"5,282",$21.15,$21.85,$21.15
02/23/2023,$21.1501,"7,140",$21.78,$21.78,$21.1501
02/22/2023,$21.2995,"15,859",$21.34,$21.41,$21.0753
02/21/2023,$21.50,"3,491",$21.70,$21.70,$21.465
02/17/2023,$21.70,"1,533",$21.48,$21.70,$21.48
02/16/2023,$21.53,"3,961",$21.8499,$21.8499,$21.52
02/15/2023,$21.5499,"5,098",$21.58,$21.58,$21.53
02/14/2023,$21.58,"2,100",$21.84,$21.84,$21.58
02/13/2023,$21.48,"5,806",$21.41,$21.85,$21.41
02/10/2023,$21.415,"6,898",$21.5606,$21.76,$21.4101
02/09/2023,$21.5999,"8,621",$21.85,$21.85,$21.50
02/08/2023,$21.81,"1,993",$21.765,$21.84,$21.765
02/07/2023,$21.68,"1,045",$21.8207,$21.8207,$21.68
02/06/2023,$21.7096,"4,924",$21.85,$21.85,$21.6113
02/03/2023,$21.59,"17,465",$21.50,$22.1199,$21.4762
02/02/2023,$22.00,"2,828",$21.8081,$22.1199,$21.8081
02/01/2023,$21.63,"7,603",$21.95,$21.95,$21.60
01/31/2023,$22.00,968,$22.12,$22.12,$21.99
01/30/2023,$21.9001,"6,044",$22.06,$22.10,$21.62
01/27/2023,$22.02,461,$22.02,$22.02,$22.02
01/26/2023,$22.00,"1,949",$22.12,$22.12,$22.00
01/25/2023,$22.04,"2,156",$22.085,$22.12,$22.00
01/24/2023,$22.10,"4,882",$22.10,$22.10,$21.81
01/23/2023,$21.99,"3,027",$21.93,$22.00,$21.795
01/20/2023,$21.50,"4,712",$21.68,$21.86,$21.50
01/19/2023,$21.78,"2,049",$22.15,$22.15,$21.78
01/18/2023,$21.71,"11,031",$21.50,$22.3499,$21.4447
01/17/2023,$21.29,"8,058",$21.45,$21.50,$21.25
01/13/2023,$21.2499,"1,992",$21.20,$21.39,$21.20
01/12/2023,$21.1999,"2,240",$21.18,$21.2087,$21.00
01/11/2023,$21.05,"2,980",$20.775,$21.06,$20.775
01/10/2023,$20.5501,"3,048",$20.65,$20.67,$20.5011
01/09/2023,$20.6999,"11,480",$20.64,$20.75,$20.50
01/06/2023,$20.50,"8,684",$20.40,$20.99,$20.40
01/05/2023,$20.50,"7,156",$20.63,$20.7538,$20.3207
01/04/2023,$20.57,"7,138",$20.48,$20.70,$20.15
01/03/2023,$20.15,"11,101",$20.50,$20.8999,$20.15
12/30/2022,$20.13,"13,760",$20.04,$20.50,$20.04
12/29/2022,$20.10,"8,557",$20.29,$20.30,$20.10
12/28/2022,$20.1854,"6,933",$20.30,$20.30,$19.87
12/27/2022,$20.28,"3,430",$20.172,$20.4069,$20.17
12/23/2022,$20.01,"1,665",$20.06,$20.10,$19.96
12/22/2022,$20.05,"2,515",$20.50,$20.50,$20.05
12/21/2022,$19.9501,"4,702",$20.0001,$20.10,$19.95
12/20/2022,$20.10,"4,748",$20.30,$20.30,$20.00
12/19/2022,$20.1299,"9,718",$20.20,$20.35,$19.8848
12/16/2022,$20.20,913,$20.25,$20.25,$20.17
12/15/2022,$20.31,"4,332",$20.34,$20.626,$20.29
12/14/2022,$20.6599,"7,606",$20.21,$20.95,$20.21
12/13/2022,$20.75,"4,354",$20.95,$20.95,$20.55
12/12/2022,$20.7416,"2,170",$20.782,$20.782,$20.71
12/09/2022,$20.71,"2,596",$20.92,$20.95,$20.71
12/08/2022,$20.75,"4,010",$20.55,$20.95,$20.54
12/07/2022,$20.5416,"7,878",$20.70,$20.78,$20.445
12/06/2022,$20.45,"9,805",$20.95,$20.95,$20.27
12/05/2022,$20.50,"20,190",$20.90,$21.53,$20.50
12/02/2022,$20.80,"8,879",$20.55,$21.00,$20.55
12/01/2022,$20.91,"10,783",$21.30,$21.53,$20.60
11/30/2022,$21.015,"5,718",$20.92,$21.015,$20.65
11/29/2022,$20.67,"6,821",$20.6068,$21.10,$20.57
11/28/2022,$20.5695,"14,657",$20.80,$20.95,$20.35
11/25/2022,$20.73,"2,555",$21.00,$21.00,$20.73
11/23/2022,$21.10,"6,677",$21.32,$21.53,$21.07
11/22/2022,$21.18,"19,950",$20.47,$21.488,$20.46
11/21/2022,$20.93,"7,091",$20.73,$21.215,$20.73
11/18/2022,$20.61,"12,402",$20.86,$21.30,$20.34
11/17/2022,$20.8304,"23,155",$20.55,$21.11,$20.55
11/16/2022,$20.90,"9,186",$20.80,$21.08,$20.42
11/15/2022,$20.59,"5,795",$20.80,$20.80,$20.20
11/14/2022,$20.50,"10,580",$20.90,$20.90,$20.06
11/11/2022,$19.9999,"3,506",$19.75,$20.071,$19.75
11/10/2022,$19.67,"7,069",$19.42,$21.2451,$19.42
11/09/2022,$19.2301,"13,581",$19.30,$19.46,$19.15
11/08/2022,$19.29,"5,101",$19.60,$19.61,$19.23
11/07/2022,$19.535,"6,287",$19.35,$19.68,$19.35
11/04/2022,$19.36,"3,935",$19.42,$19.45,$19.13
11/03/2022,$19.3501,"7,053",$19.60,$19.80,$19.3501
11/02/2022,$19.80,"5,709",$19.75,$20.50,$19.75
11/01/2022,$19.73,"4,563",$19.55,$19.85,$19.55
10/31/2022,$19.797,"13,405",$19.87,$19.87,$19.48
10/28/2022,$19.60,"5,747",$19.53,$19.8999,$19.50
10/27/2022,$19.6736,"11,573",$19.70,$20.29,$19.55
10/26/2022,$19.80,"11,381",$19.90,$20.2899,$19.69
10/25/2022,$19.97,"6,583",$20.39,$20.39,$19.93
10/24/2022,$19.9524,"10,080",$19.70,$20.00,$19.66
10/21/2022,$19.90,"4,918",$20.10,$20.12,$19.645
10/20/2022,$20.00,"8,080",$19.94,$20.3299,$19.88
10/19/2022,$19.82,"4,736",$19.70,$20.34,$19.41
10/18/2022,$19.61,"3,588",$20.10,$20.10,$19.54
10/17/2022,$19.7568,"3,507",$19.935,$19.935,$19.55
10/14/2022,$19.30,"4,723",$19.79,$20.055,$19.25
10/13/2022,$19.856,"4,345",$19.90,$20.6056,$19.51
10/12/2022,$20.1631,"8,604",$20.40,$20.67,$19.60
10/11/2022,$20.58,"3,989",$21.00,$21.00,$20.56
10/10/2022,$20.975,"14,225",$20.99,$21.10,$20.75
10/07/2022,$20.97,"20,212",$21.52,$21.52,$20.37
10/06/2022,$21.40,"5,661",$21.40,$21.55,$20.8101
10/05/2022,$21.47,"8,697",$21.52,$21.64,$21.00
10/04/2022,$21.95,"5,656",$22.07,$22.07,$21.75
10/03/2022,$21.83,"4,416",$22.30,$22.30,$21.80
09/30/2022,$22.04,"2,736",$21.854,$22.07,$21.80
09/29/2022,$21.97,"8,503",$21.95,$21.9999,$21.85
09/28/2022,$22.00,"5,373",$22.15,$22.3135,$21.9501
09/27/2022,$22.28,"3,715",$22.10,$22.35,$22.10
09/26/2022,$22.35,"9,361",$22.20,$22.38,$21.89
09/23/2022,$22.1706,"12,186",$22.61,$22.61,$22.00
09/22/2022,$22.60,"5,834",$22.5501,$22.65,$22.4025
09/21/2022,$22.64,"8,133",$23.0799,$23.0799,$22.55
09/20/2022,$22.74,"6,868",$22.75,$23.0001,$22.46
09/19/2022,$22.70,"11,581",$22.35,$23.04,$22.35
09/16/2022,$22.50,"9,870",$22.352,$22.6856,$22.352
09/15/2022,$22.48,"2,848",$22.90,$22.90,$22.3625
09/14/2022,$22.78,"1,741",$22.67,$22.8356,$22.67
09/13/2022,$23.04,"42,719",$22.94,$23.15,$22.69
09/12/2022,$23.14,"30,727",$23.319,$23.35,$22.90
09/09/2022,$23.35,"1,041",$23.01,$23.35,$23.01
09/08/2022,$23.10,"1,069",$23.14,$23.29,$23.10
09/07/2022,$22.9999,"10,687",$23.13,$23.13,$22.92
09/06/2022,$23.10,"1,562",$23.00,$23.25,$23.00
09/02/2022,$23.00,"2,775",$23.32,$23.3909,$23.00
09/01/2022,$23.3225,883,$23.525,$23.525,$23.3225
08/31/2022,$23.445,901,$23.60,$23.60,$23.445
08/30/2022,$23.2001,"1,475",$23.709,$23.709,$23.2001
08/29/2022,$23.4258,"11,811",$23.40,$23.4258,$23.10
08/26/2022,$23.4503,"9,219",$23.725,$23.8128,$23.4022
08/25/2022,$23.60,"6,483",$23.85,$23.85,$23.50
08/24/2022,$23.50,"3,865",$23.65,$23.8499,$23.50
08/23/2022,$23.5501,"4,430",$23.85,$23.85,$23.55
08/22/2022,$23.72,"1,117",$23.672,$23.72,$23.66
08/19/2022,$23.85,"7,787",$23.75,$24.00,$23.55
08/18/2022,$23.89,"10,987",$24.00,$24.00,$23.80
08/17/2022,$23.78,"20,577",$23.88,$23.88,$23.55
08/16/2022,$23.98,"16,501",$23.54,$23.98,$23.50
08/15/2022,$23.50,"116,966",$23.35,$23.54,$23.16
08/12/2022,$22.88,"24,384",$22.79,$22.88,$22.66
08/11/2022,$22.89,"12,017",$22.80,$22.89,$22.60
08/10/2022,$22.85,"15,754",$22.91,$22.91,$22.53
08/09/2022,$22.91,"18,179",$22.86,$22.9354,$22.49
08/08/2022,$22.85,"3,414",$22.67,$23.04,$22.67
08/05/2022,$22.67,"9,413",$23.05,$23.15,$22.60
08/04/2022,$23.08,"4,461",$23.10,$23.10,$22.8782
08/03/2022,$23.10,"11,736",$23.25,$23.25,$22.66
08/02/2022,$23.04,"4,153",$23.20,$23.22,$22.8247
08/01/2022,$23.09,"9,265",$22.89,$23.09,$22.80
07/29/2022,$22.88,"12,238",$22.71,$22.90,$22.65
07/28/2022,$22.72,"31,195",$22.76,$22.76,$22.485
07/27/2022,$22.7799,"5,285",$22.78,$22.82,$22.4533
07/26/2022,$22.82,"3,419",$22.62,$22.82,$22.61
07/25/2022,$22.86,"6,557",$22.75,$22.86,$22.43
07/22/2022,$22.768,"27,693",$22.49,$22.88,$22.486
07/21/2022,$22.5246,"4,354",$22.67,$22.67,$22.4772
07/20/2022,$22.52,"14,651",$22.95,$22.95,$21.43
07/19/2022,$22.90,"5,106",$23.06,$23.19,$22.90
07/18/2022,$23.0686,"4,588",$23.16,$23.20,$22.90
07/15/2022,$23.1899,614,$23.02,$23.1899,$23.02
07/14/2022,$22.85,"4,529",$22.7568,$22.85,$22.7568
07/13/2022,$23.1901,"15,077",$23.23,$23.39,$22.85
07/12/2022,$22.84,"4,596",$22.88,$22.9566,$22.61
07/11/2022,$22.718,"18,556",$22.81,$22.88,$22.695
07/08/2022,$22.74,"2,177",$22.55,$22.74,$22.55
07/07/2022,$22.62,"3,294",$22.66,$22.66,$22.4501
07/06/2022,$22.6636,"4,838",$22.45,$22.7499,$22.39
07/05/2022,$22.5999,"6,024",$22.71,$22.71,$22.40
07/01/2022,$22.86,"11,183",$22.7604,$22.88,$22.6001
06/30/2022,$22.68,"1,568",$22.50,$22.8499,$22.41
06/29/2022,$22.40,"33,302",$22.66,$22.66,$22.37
06/28/2022,$22.51,"16,332",$23.0616,$23.0616,$22.51
06/27/2022,$23.1003,"3,052",$22.88,$23.2139,$22.85
06/24/2022,$22.90,"8,166",$23.00,$23.07,$22.56
06/23/2022,$23.05,"12,174",$22.80,$23.05,$22.53
06/22/2022,$22.80,"7,704",$23.195,$23.4231,$22.80
06/21/2022,$22.83,"24,519",$23.30,$23.49,$22.76
06/17/2022,$23.245,"9,393",$23.58,$23.58,$22.9442
06/16/2022,$22.90,"23,751",$23.40,$23.74,$22.90
06/15/2022,$23.50,"7,386",$23.6656,$23.6656,$23.00
06/14/2022,$23.0612,"24,261",$23.40,$23.40,$22.95
06/13/2022,$23.71,"85,199",$23.92,$23.92,$23.33
06/10/2022,$22.90,"12,918",$23.22,$23.22,$22.73
06/09/2022,$22.98,"31,796",$23.00,$23.208,$22.75
06/08/2022,$23.229,"29,183",$23.45,$23.49,$22.96
06/07/2022,$23.5228,"21,255",$23.38,$23.55,$23.02
06/06/2022,$23.69,"25,050",$23.80,$23.84,$23.20
06/03/2022,$23.6892,"7,510",$23.783,$23.7899,$23.675
06/02/2022,$23.81,845,$23.7832,$23.81,$23.6897
06/01/2022,$23.62,"5,444",$23.84,$23.84,$23.55
05/31/2022,$23.51,"2,774",$23.8699,$23.8799,$23.46
05/27/2022,$23.44,"14,715",$23.85,$23.85,$23.2527
05/26/2022,$23.7851,"2,798",$23.96,$23.98,$23.60
05/25/2022,$23.64,"1,515",$23.70,$23.70,$23.575
05/24/2022,$23.70,"1,421",$23.73,$23.90,$23.65
05/23/2022,$23.75,"1,395",$23.80,$24.00,$23.75
05/20/2022,$23.82,"9,705",$23.90,$23.90,$23.67
05/19/2022,$23.8298,"3,707",$23.9999,$24.10,$23.75
05/18/2022,$23.925,"1,518",$24.05,$24.05,$23.86
05/17/2022,$24.05,"4,074",$24.00,$24.05,$24.00
05/16/2022,$24.00,"9,654",$24.204,$24.23,$23.71
05/13/2022,$23.70,"4,763",$23.70,$24.16,$23.70
05/12/2022,$23.70,"4,370",$23.2301,$23.85,$23.2301
05/11/2022,$23.85,"2,436",$23.98,$23.98,$23.5825
05/10/2022,$24.00,550,$24.11,$24.11,$24.00
05/09/2022,$24.11,600,$23.98,$24.11,$23.98
05/06/2022,$24.25,"3,103",$23.95,$24.30,$23.94
05/05/2022,$24.01,"13,716",$24.30,$24.30,$24.00
05/04/2022,$24.40,"2,688",$24.40,$24.43,$24.3571
05/03/2022,$24.76,N/A,$24.76,$24.76,$24.76
05/02/2022,$24.76,"6,092",$24.66,$24.76,$24.464
04/29/2022,$24.8399,"24,946",$24.74,$24.8399,$24.48
04/28/2022,$24.45,"3,515",$24.5155,$24.5155,$24.35
04/27/2022,$24.8798,N/A,$24.8798,$24.8798,$24.8798
04/26/2022,$24.8798,"4,708",$24.61,$24.8798,$24.50
04/25/2022,$24.82,"1,109",$24.83,$24.83,$24.81
04/22/2022,$24.83,N/A,$24.83,$24.83,$24.83
04/21/2022,$24.83,"4,281",$24.84,$24.90,$24.83
04/20/2022,$24.80,"4,840",$24.65,$24.83,$24.65
04/19/2022,$24.6799,"7,720",$24.60,$24.6799,$24.60
04/18/2022,$24.55,"7,747",$24.55,$24.80,$24.55
04/14/2022,$24.7483,"1,700",$24.5799,$24.7483,$24.55
04/13/2022,$24.55,"4,610",$24.6399,$24.6399,$24.25
04/12/2022,$24.60,"2,651",$24.63,$24.65,$24.58
04/11/2022,$24.6255,225,$24.6255,$24.6255,$24.6255
04/08/2022,$24.62,779,$24.625,$24.65,$24.62
04/07/2022,$24.62,"5,000",$24.6107,$24.64,$24.6107
04/06/2022,$24.67,752,$24.647,$24.67,$24.55
04/05/2022,$24.72,"11,485",$24.679,$24.72,$24.34
04/04/2022,$24.68,"8,829",$24.66,$24.70,$24.55
04/01/2022,$24.6388,"3,528",$24.6293,$24.67,$24.60
03/31/2022,$24.70,"7,494",$24.679,$24.70,$24.62
03/30/2022,$24.70,"21,942",$24.71,$24.80,$24.65
03/29/2022,$24.70,"19,457",$24.72,$24.73,$24.6676
03/28/2022,$24.70,"31,015",$24.59,$24.73,$24.475
03/25/2022,$24.52,"9,205",$24.62,$24.70,$24.52
03/24/2022,$24.58,"7,921",$24.6499,$24.6499,$24.50
03/23/2022,$24.55,"9,982",$24.60,$24.60,$24.55
03/22/2022,$24.57,"8,423",$24.62,$24.62,$24.55
03/21/2022,$24.5999,"23,802",$24.55,$24.80,$24.4965
03/18/2022,$24.52,"16,774",$24.50,$24.55,$24.41
03/17/2022,$24.53,"24,633",$24.50,$24.53,$24.44
03/16/2022,$24.46,"17,066",$24.50,$24.50,$24.3868
03/15/2022,$24.3581,"17,783",$24.45,$24.50,$24.25
03/14/2022,$24.456,"19,710",$24.49,$24.53,$24.34
03/11/2022,$24.59,"86,711",$24.60,$24.69,$24.4999
03/10/2022,$24.75,"135,060",$24.60,$24.75,$24.40
03/09/2022,$25.00,N/A,$25.00,$25.00,$25.00
